4,27.00,10000,17,0.00
30,9.80,10001,25,0.15
40,12.80,10001,40,0.00
8,38.50,10001,59,0.00
15,23.00,10001,64,0.15
35,8.00,10002,31,0.00
18,12.60,10002,39,0.00
15,15.00,10002,71,0.00
12,43.70,10003,18,0.05
35,86.00,10004,29,0.00
6,30.70,10004,63,0.00
6,34.00,10005,62,0.15
10,4.20,10006,13,0.00
4,11.30,10006,50,0.00
4,26.00,10007,12,0.00
30,22.90,10007,53,0.00
20,30.70,10007,63,0.00
20,16.20,10008,14,0.00
15,7.00,10008,21,0.00
20,37.10,10008,51,0.00
70,6.00,10009,23,0.00
30,37.00,10009,51,0.00
10,32.00,10010,43,0.00
10,15.00,10010,71,0.00
12,43.70,10011,18,0.25
15,6.40,10011,19,0.00
10,13.30,10011,36,0.25
49,6.40,10012,19,0.00
30,12.00,10012,35,0.00
30,12.80,10012,40,0.00
50,6.70,10013,41,0.00
7,32.20,10013,43,0.00
4,43.00,10014,18,0.00
3,6.70,10014,41,0.00
60,14.70,10015,11,0.00
25,3.00,10015,24,0.00
20,6.70,10015,41,0.00
15,10.50,10015,73,0.00
25,7.00,10015,74,0.00
15,19.90,10016,61,0.15
50,34.50,10016,62,0.00
10,8.70,10016,68,0.15
30,8.40,10017,46,0.00
30,23.20,10017,64,0.00
40,5.00,10017,75,0.00
70,14.00,10018,11,0.00
10,11.30,10018,50,0.15
20,5.40,10019,75,0.15
10,28.00,10020,8,0.00
14,12.00,10020,16,0.00
60,12.00,10021,1,0.20
27,21.70,10021,10,0.00
5,9.80,10021,25,0.20
50,1.00,10021,33,0.20
36,13.00,10021,36,0.20
5,15.00,10021,71,0.20
40,7.00,10022,21,0.25
15,14.00,10022,49,0.25
20,11.30,10022,50,0.00
4,26.00,10022,56,0.25
20,13.30,10023,36,0.00
10,6.00,10023,41,0.00
3,15.00,10023,71,0.00
10,32.00,10024,43,0.00
15,22.90,10024,53,0.00
60,26.00,10024,56,0.00
10,12.20,10025,16,0.00
2,31.90,10025,28,0.00
2,8.70,10026,68,0.00
40,6.70,10027,41,0.05
50,23.00,10027,60,0.05
40,23.20,10027,64,0.05
80,14.70,10027,65,0.05
20,43.70,10028,18,0.00
12,8.00,10028,68,0.00
1,14.70,10029,11,0.00
5,12.20,10029,16,0.00
4,5.40,10029,75,0.00
30,14.90,10030,5,0.05
8,14.70,10030,11,0.05
25,8.00,10030,31,0.05
6,32.20,10030,43,0.05
10,15.00,10031,71,0.25
30,24.30,10031,72,0.00
20,4.00,10032,13,0.25
15,3.10,10032,24,0.25
35,24.30,10033,72,0.00
18,17.00,10034,6,0.00
21,21.00,10034,26,0.00
50,21.00,10035,10,0.00
35,14.70,10035,11,0.15
30,9.00,10035,34,0.15
40,6.70,10035,41,0.00
1,37.00,10036,51,0.00
8,4.90,10036,52,0.00
12,22.90,10036,53,0.00
10,13.30,10037,2,0.15
12,31.90,10037,28,0.15
4,86.60,10038,29,0.10
8,13.00,10038,36,0.00
30,13.00,10038,57,0.10
9,12.00,10038,76,0.10
15,34.00,10039,62,0.25
60,18.00,10040,30,0.00
35,26.00,10040,56,0.00
25,9.80,10041,42,0.05
20,6.60,10041,47,0.00
30,16.00,10041,55,0.05
25,4.20,10042,13,0.25
20,6.00,10042,41,0.00
30,13.60,10042,44,0.25
15,37.10,10042,51,0.00
40,12.60,10043,1,0.05
12,9.80,10043,25,0.05
15,86.00,10043,29,0.05
28,21.00,10044,7,0.00
21,24.30,10044,72,0.05
9,9.00,10044,77,0.05
30,27.00,10045,17,0.00
16,3.10,10045,24,0.15
25,14.00,10045,49,0.15
5,23.00,10045,60,0.15
12,13.00,10046,2,0.00
2,30.00,10046,27,0.00
4,14.70,10047,11,0.00
20,6.00,10047,19,0.00
5,4.00,10047,52,0.00
2,10.50,10047,73,0.00
50,13.00,10048,36,0.00
20,21.00,10049,7,0.25
14,12.00,10050,16,0.00
15,4.90,10050,52,0.00
50,9.00,10050,58,0.00
10,9.10,10050,77,0.00
30,4.00,10051,13,0.00
30,21.00,10051,26,0.00
20,26.60,10051,56,0.00
20,12.20,10052,16,0.00
90,23.00,10052,60,0.20
90,5.40,10052,75,0.20
12,22.90,10053,53,0.20
2,16.00,10053,55,0.20
40,5.40,10053,75,0.20
30,15.00,10054,71,0.20
12,24.00,10054,72,0.00
18,28.00,10055,8,0.00
25,37.10,10055,51,0.00
50,21.00,10056,26,0.00
8,30.00,10056,63,0.15
3,9.00,10057,58,0.00
4,7.00,10057,74,0.00
12,26.00,10058,12,0.00
70,6.70,10058,41,0.00
30,5.00,10058,54,0.00
30,19.00,10058,61,0.00
3,34.00,10058,62,0.00
20,6.40,10059,19,0.25
24,3.00,10059,24,0.25
4,24.30,10059,72,0.00
28,12.20,10060,16,0.00
50,10.50,10060,70,0.00
12,5.00,10060,75,0.00
12,11.90,10061,66,0.00
8,14.90,10062,5,0.05
12,37.10,10062,51,0.05
20,16.80,10062,55,0.05
32,6.00,10063,41,0.05
24,25.00,10063,69,0.00
40,5.00,10063,75,0.05
12,3.10,10064,24,0.10
15,5.00,10064,54,0.10
5,23.20,10064,64,0.10
12,10.50,10064,70,0.10
55,12.60,10065,1,0.25
10,10.00,10065,15,0.25
42,6.00,10065,19,0.25
8,8.70,10066,31,0.00
15,6.70,10066,41,0.10
9,5.20,10066,54,0.10
10,14.70,10067,11,0.00
10,8.70,10067,31,0.00
5,10.50,10067,70,0.00
10,13.30,10068,2,0.05
20,9.80,10068,34,0.05
30,7.00,10069,21,0.00
6,8.40,10069,46,0.00
8,21.00,10070,7,0.00
30,3.10,10070,24,0.05
10,32.20,10070,43,0.05
25,12.60,10071,1,0.25
42,86.00,10071,29,0.00
14,5.00,10071,54,0.25
25,12.20,10072,16,0.10
30,43.00,10072,18,0.10
18,21.00,10072,26,0.10
35,6.00,10072,45,0.10
60,22.90,10073,53,0.00
35,23.20,10073,64,0.00
20,28.00,10074,8,0.00
20,3.00,10074,24,0.00
30,6.70,10074,41,0.00
60,9.80,10074,42,0.00
21,67.90,10075,9,0.00
20,16.20,10075,14,0.00
2,34.50,10075,62,0.00
7,12.80,10076,40,0.00
28,12.60,10077,1,0.20
1,8.00,10077,31,0.00
7,6.70,10078,41,0.20
24,37.00,10078,51,0.00
8,23.00,10078,60,0.20
30,6.00,10079,23,0.25
18,6.00,10079,47,0.25
20,23.00,10079,60,0.25
30,13.30,10080,2,0.20
60,26.00,10080,12,0.00
24,18.10,10080,30,0.00
15,18.00,10081,30,0.00
10,14.00,10081,65,0.00
15,10.00,10081,70,0.00
21,14.00,10082,11,0.20
15,6.60,10082,47,0.20
40,10.50,10082,70,0.20
10,9.10,10082,77,0.20
28,13.00,10083,2,0.00
30,12.20,10083,16,0.00
20,6.00,10083,19,0.00
3,10.50,10083,73,0.00
20,13.00,10084,2,0.00
9,16.00,10084,14,0.00
20,5.20,10084,54,0.00
15,23.00,10084,60,0.00
30,6.70,10085,41,0.00
10,19.00,10085,61,0.00
10,15.00,10085,71,0.00
5,28.00,10086,8,0.00
10,184.40,10086,38,0.00
21,3.10,10087,24,0.00
10,9.80,10087,34,0.00
35,23.80,10087,60,0.00
30,4.00,10088,13,0.20
4,9.80,10088,34,0.20
4,21.70,10089,10,0.00
5,9.80,10089,42,0.00
10,6.60,10089,45,0.00
10,15.40,10090,4,0.00
9,21.00,10090,10,0.00
30,12.00,10090,16,0.00
10,10.00,10090,73,0.00
60,3.10,10091,24,0.05
12,21.80,10091,26,0.05
70,184.40,10091,38,0.00
20,6.00,10092,19,0.00
15,8.70,10092,31,0.00
21,9.80,10092,34,0.00
4,27.00,10093,17,0.10
25,7.00,10093,21,0.10
100,18.10,10093,30,0.00
40,22.90,10093,53,0.10
35,28.00,10094,8,0.00
28,4.20,10094,13,0.00
35,6.40,10094,19,0.00
24,21.80,10094,26,0.00
25,31.00,10094,28,0.00
10,21.00,10095,26,0.00
10,12.00,10095,35,0.00
10,16.00,10095,55,0.00
5,8.00,10095,68,0.00
30,13.00,10096,2,0.00
60,26.00,10096,12,0.00
35,86.00,10096,29,0.00
15,86.60,10097,29,0.00
12,4.00,10097,52,0.00
60,38.50,10097,59,0.00
35,23.20,10097,64,0.00
10,21.00,10098,7,0.25
40,22.40,10098,32,0.25
21,13.00,10098,36,0.25
45,22.00,10098,53,0.25
55,26.60,10098,56,0.00
9,38.50,10098,59,0.25
4,12.00,10099,35,0.15
24,37.00,10099,51,0.00
5,14.00,10100,22,0.00
20,86.60,10100,29,0.00
2,12.00,10100,76,0.00
8,12.00,10101,1,0.05
15,24.30,10101,72,0.05
10,4.20,10102,13,0.00
10,86.60,10102,29,0.00
5,12.00,10102,39,0.00
14,38.00,10102,59,0.00
20,13.30,10103,36,0.25
10,184.00,10103,38,0.25
70,13.30,10104,2,0.25
35,4.20,10104,13,0.00
3,4.90,10104,52,0.00
30,12.60,10104,76,0.25
50,31.90,10105,28,0.15
20,6.60,10105,47,0.15
10,7.00,10106,21,0.00
10,38.00,10106,59,0.00
20,7.00,10107,3,0.20
20,9.00,10107,34,0.00
15,23.00,10107,64,0.20
50,8.70,10107,68,0.20
15,22.90,10108,53,0.00
50,15.00,10108,71,0.00
70,9.80,10109,42,0.25
70,8.70,10109,68,0.00
24,10.50,10109,70,0.00
10,5.00,10109,75,0.00
8,21.70,10110,10,0.00
30,3.00,10110,24,0.00
20,16.00,10110,55,0.00
14,24.00,10110,72,0.00
30,34.50,10111,62,0.10
20,12.60,10112,35,0.00
20,43.00,10113,18,0.00
21,12.60,10113,35,0.00
4,14.70,10114,11,0.00
12,6.70,10114,41,0.00
10,15.00,10114,71,0.00
8,26.60,10115,56,0.00
8,13.00,10115,57,0.00
5,9.00,10115,77,0.00
7,3.00,10116,24,0.00
20,13.30,10116,36,0.00
70,5.20,10116,54,0.00
20,16.80,10116,55,0.00
15,15.00,10117,4,0.00
2,34.00,10117,62,0.00
28,9.10,10117,77,0.00
30,184.40,10118,38,0.00
42,12.00,10118,39,0.00
4,38.50,10118,59,0.00
18,23.00,10118,64,0.00
20,14.00,10119,22,0.00
20,13.00,10119,44,0.00
1,22.40,10120,32,0.00
4,14.00,10120,49,0.00
30,30.70,10121,27,0.00
25,16.00,10121,55,0.00
2,9.00,10122,25,0.00
35,43.00,10123,18,0.25
36,9.00,10123,25,0.25
40,22.00,10123,53,0.25
7,27.00,10124,17,0.00
24,22.40,10124,32,0.00
60,4.00,10124,52,0.00
4,28.00,10125,8,0.00
30,3.10,10125,24,0.00
28,7.00,10126,3,0.00
20,8.00,10126,46,0.00
15,38.50,10126,59,0.00
5,17.50,10127,6,0.00
5,15.00,10127,71,0.00
60,7.00,10128,21,0.00
2,14.00,10128,22,0.00
18,5.00,10128,54,0.00
15,34.00,10129,62,0.15
12,9.00,10130,34,0.00
30,24.00,10130,72,0.00
30,5.40,10130,75,0.05
50,9.80,10131,42,0.00
40,11.00,10131,50,0.00
60,23.80,10131,60,0.00
20,26.00,10132,12,0.25
20,31.00,10132,28,0.25
10,18.00,10132,30,0.25
30,22.00,10132,53,0.25
21,8.00,10133,31,0.00
12,184.40,10133,38,0.00
12,26.60,10133,56,0.00
25,4.90,10134,52,0.05
5,12.60,10135,39,0.00
24,43.00,10136,18,0.25
20,4.00,10137,13,0.00
15,8.00,10137,68,0.00
25,24.30,10137,72,0.00
12,13.30,10138,36,0.00
12,11.00,10138,66,0.00
20,23.00,10139,60,0.00
40,8.70,10140,31,0.10
50,30.00,10141,27,0.10
50,23.80,10141,60,0.00
15,15.40,10142,4,0.00
15,6.60,10142,45,0.00
12,12.00,10143,35,0.20
50,6.00,10143,41,0.20
10,56.70,10144,20,0.00
35,3.10,10144,24,0.00
20,22.00,10144,53,0.00
4,24.00,10144,72,0.00
8,10.00,10145,15,0.05
12,9.80,10145,34,0.05
20,16.00,10145,55,0.05
10,21.80,10146,26,0.00
6,9.00,10146,34,0.00
1,14.00,10147,11,0.00
20,43.00,10147,18,0.00
10,37.00,10147,51,0.00
12,18.00,10148,30,0.20
5,12.00,10148,40,0.20
24,32.20,10148,43,0.20
24,37.10,10148,51,0.20
30,30.70,10149,27,0.00
40,12.60,10149,35,0.00
5,86.60,10150,29,0.00
9,22.00,10150,53,0.00
4,9.00,10150,67,0.00
2,9.00,10151,25,0.15
4,5.00,10151,75,0.15
20,18.00,10152,30,0.05
5,6.00,10152,47,0.05
10,12.00,10152,76,0.05
20,22.00,10153,32,0.20
15,23.80,10153,60,0.20
6,21.00,10154,7,0.00
7,16.80,10154,55,0.00
2,8.70,10154,68,0.00
30,32.00,10155,43,0.00
20,34.00,10155,62,0.00
20,30.00,10155,63,0.00
25,12.00,10156,1,0.00
25,15.40,10156,4,0.00
20,9.00,10156,34,0.00
35,13.00,10157,2,0.15
15,12.60,10157,35,0.00
50,10.50,10157,73,0.15
30,14.00,10158,11,0.10
12,9.80,10158,34,0.00
12,13.00,10158,36,0.00
20,5.00,10158,54,0.10
20,16.00,10158,55,0.10
40,12.00,10159,1,0.10
6,37.10,10159,51,0.10
3,8.00,10160,31,0.00
2,15.00,10160,71,0.15
14,14.70,10161,11,0.00
21,38.00,10161,59,0.00
12,9.80,10161,67,0.00
6,12.20,10162,16,0.15
6,1.70,10162,33,0.15
20,5.40,10162,75,0.15
20,12.60,10163,1,0.00
8,9.00,10163,25,0.00
48,23.00,10163,60,0.00
15,23.20,10163,64,0.00
6,6.00,10164,47,0.00
60,9.00,10165,25,0.00
35,16.80,10165,55,0.25
20,27.30,10166,17,0.00
10,22.40,10166,32,0.00
10,6.00,10166,47,0.00
30,18.10,10167,30,0.10
18,13.60,10167,44,0.10
12,19.00,10167,61,0.10
80,26.60,10168,12,0.00
16,12.80,10168,40,0.00
25,12.00,10168,76,0.00
42,27.30,10169,17,0.00
15,8.70,10169,68,0.00
4,15.00,10170,71,0.00
12,5.00,10170,75,0.00
24,9.00,10170,77,0.00
2,6.40,10171,19,0.00
25,14.00,10171,22,0.00
30,1.70,10172,33,0.00
6,9.00,10172,42,0.00
5,24.30,10172,72,0.00
10,86.00,10173,29,0.00
5,38.50,10173,59,0.00
20,10.80,10174,15,0.05
8,56.70,10174,20,0.05
12,18.00,10175,30,0.15
25,13.30,10175,36,0.15
35,38.00,10175,59,0.15
5,16.80,10176,55,0.00
50,9.00,10176,67,0.00
5,8.70,10176,68,0.00
10,15.00,10176,71,0.00
30,27.00,10177,17,0.20
35,8.00,10177,31,0.20
6,22.00,10177,32,0.20
20,13.60,10178,44,0.00
20,8.40,10178,46,0.00
21,10.00,10178,73,0.00
14,23.00,10179,64,0.00
10,16.00,10180,14,0.00
15,12.00,10180,16,0.00
10,6.60,10180,45,0.00
30,15.00,10181,4,0.00
40,27.30,10181,17,0.00
10,22.00,10182,32,0.00
4,13.00,10182,44,0.00
3,21.70,10183,10,0.00
14,6.30,10183,23,0.00
6,14.00,10183,49,0.00
15,26.00,10184,12,0.00
10,6.40,10184,19,0.00
3,8.40,10184,46,0.00
4,3.00,10185,24,0.20
8,38.00,10185,59,0.20
10,14.00,10185,65,0.20
28,4.00,10186,13,0.00
40,12.80,10186,40,0.00
16,11.30,10186,50,0.00
15,26.60,10186,56,0.00
60,12.00,10187,35,0.05
12,32.00,10187,43,0.05
28,3.00,10188,24,0.00
10,34.50,10188,62,0.25
30,13.00,10189,36,0.10
36,1.70,10190,33,0.00
15,3.00,10191,24,0.00
30,10.00,10191,73,0.00
6,38.00,10192,59,0.00
4,10.00,10192,70,0.00
45,12.60,10193,1,0.00
110,32.00,10193,43,0.00
15,5.20,10193,54,0.00
35,4.90,10194,52,0.00
15,25.00,10194,69,0.00
21,184.00,10195,38,0.00
12,10.50,10195,70,0.00
15,21.00,10196,10,0.00
42,3.00,10196,24,0.25
30,184.40,10196,38,0.25
3,7.00,10197,21,0.10
24,8.40,10197,46,0.10
25,9.00,10197,58,0.10
6,184.40,10198,38,0.00
6,8.00,10198,46,0.00
18,26.00,10198,56,0.00
30,12.60,10198,76,0.00
66,12.00,10199,1,0.00
40,7.00,10199,3,0.00
40,12.00,10199,39,0.00
28,14.70,10200,11,0.00
25,12.60,10201,1,0.10
25,10.80,10201,15,0.10
20,12.60,10202,1,0.00
42,37.10,10202,51,0.05
18,10.50,10202,73,0.05
15,56.00,10203,20,0.00
10,10.00,10203,70,0.00
70,8.70,10204,31,0.25
35,6.00,10204,45,0.25
50,38.00,10204,59,0.25
12,8.70,10205,31,0.00
28,12.00,10205,40,0.00
56,6.00,10205,41,0.00
25,34.00,10205,62,0.00
35,10.00,10205,73,0.00
60,9.00,10206,34,0.00
12,32.00,10206,43,0.00
20,4.20,10207,13,0.15
10,12.00,10207,35,0.15
40,8.40,10207,46,0.15
12,26.60,10208,56,0.10
4,12.00,10209,1,0.20
15,15.00,10209,4,0.20
18,4.90,10209,52,0.20
12,14.70,10210,11,0.00
28,16.20,10210,14,0.25
60,12.60,10210,39,0.25
15,13.00,10210,57,0.25
30,9.00,10210,67,0.25
12,12.60,10211,39,0.00
40,6.00,10211,41,0.00
20,9.10,10211,77,0.00
8,8.00,10212,31,0.00
25,10.50,10212,70,0.15
10,184.40,10213,38,0.00
30,8.00,10213,48,0.00
10,12.60,10213,76,0.00
4,6.40,10214,19,0.00
6,7.00,10214,21,0.00
35,25.00,10214,69,0.00
20,12.60,10214,76,0.00
20,7.00,10215,21,0.00
9,86.00,10215,29,0.05
30,12.00,10216,35,0.25
30,7.00,10216,74,0.25
28,6.70,10217,41,0.00
6,38.50,10217,59,0.00
5,86.00,10218,29,0.05
15,26.00,10218,56,0.05
56,6.00,10219,41,0.10
20,32.00,10219,43,0.00
4,10.00,10219,70,0.10
20,4.00,10220,13,0.05
9,1.70,10220,33,0.05
30,25.00,10220,69,0.05
20,5.20,10221,54,0.00
12,16.00,10221,55,0.00
20,23.00,10221,64,0.00
70,13.00,10222,2,0.00
80,15.40,10222,4,0.00
1,27.00,10223,17,0.00
10,6.00,10223,19,0.00
5,26.60,10223,56,0.00
50,3.10,10224,24,0.25
25,10.00,10224,70,0.25
70,14.00,10225,11,0.00
10,12.00,10225,35,0.00
55,9.00,10225,42,0.00
10,4.90,10225,52,0.00
63,9.10,10225,77,0.00
25,67.00,10226,9,0.00
110,86.60,10226,29,0.20
14,8.00,10226,31,0.20
21,1.70,10226,33,0.20
42,38.00,10226,59,0.20
4,21.00,10227,10,0.10
14,16.80,10227,55,0.10
3,22.90,10228,53,0.00
20,23.20,10228,64,0.00
7,12.60,10229,35,0.00
1,7.00,10229,74,0.00
36,30.00,10230,27,0.00
40,26.00,10230,56,0.00
12,34.50,10231,62,0.25
10,18.10,10232,30,0.00
20,14.00,10232,49,0.00
10,19.90,10232,61,0.00
36,1.70,10233,33,0.00
40,13.00,10233,44,0.00
21,3.10,10234,24,0.00
30,22.90,10234,53,0.00
2,25.20,10234,69,0.00
20,5.00,10235,75,0.25
30,12.60,10235,76,0.25
20,9.00,10235,77,0.25
40,14.00,10236,5,0.00
30,25.20,10236,69,0.05
20,6.40,10237,19,0.20
18,34.50,10237,62,0.20
4,12.00,10237,76,0.20
12,21.00,10238,26,0.00
4,12.60,10238,35,0.00
10,14.00,10238,65,0.00
9,5.40,10238,75,0.00
10,56.00,10239,20,0.00
49,22.00,10240,32,0.25
18,1.00,10240,33,0.25
10,8.40,10240,46,0.25
50,16.80,10240,55,0.25
12,28.00,10241,8,0.05
10,7.00,10241,21,0.05
25,32.00,10241,43,0.05
15,13.30,10242,2,0.15
25,10.50,10242,70,0.15
40,5.00,10242,75,0.15
10,9.80,10243,34,0.00
12,5.00,10243,75,0.00
6,32.00,10244,43,0.25
8,5.20,10244,54,0.25
28,18.00,10245,30,0.20
10,12.00,10245,35,0.20
15,12.00,10246,40,0.00
35,21.70,10247,10,0.25
50,8.00,10247,46,0.00
50,12.60,10247,76,0.25
12,14.00,10248,11,0.00
10,9.80,10248,42,0.00
5,24.30,10248,72,0.00
9,18.60,10249,14,0.00
40,42.40,10249,51,0.00
10,7.70,10250,41,0.00
35,42.40,10250,51,0.15
15,16.80,10250,65,0.15
6,16.80,10251,22,0.05
15,15.60,10251,57,0.05
20,16.80,10251,65,0.00
40,64.80,10252,20,0.05
25,2.00,10252,33,0.05
40,27.20,10252,60,0.00
20,10.00,10253,31,0.00
42,14.40,10253,39,0.00
40,16.00,10253,49,0.00
15,3.60,10254,24,0.15
21,19.20,10254,55,0.15
21,8.00,10254,74,0.00
20,15.20,10255,2,0.00
35,13.90,10255,16,0.00
25,15.20,10255,36,0.00
30,44.00,10255,59,0.00
15,26.20,10256,53,0.00
12,10.40,10256,77,0.00
25,35.10,10257,27,0.00
6,14.40,10257,39,0.00
15,10.40,10257,77,0.00
50,15.20,10258,2,0.20
65,17.00,10258,5,0.20
6,25.60,10258,32,0.20
10,8.00,10259,21,0.00
1,20.80,10259,37,0.00
16,7.70,10260,41,0.25
50,15.60,10260,57,0.00
15,39.40,10260,62,0.25
21,12.00,10260,70,0.25
20,8.00,10261,21,0.00
20,14.40,10261,35,0.00
12,17.00,10262,5,0.20
15,24.00,10262,7,0.00
2,30.40,10262,56,0.00
60,13.90,10263,16,0.25
28,3.60,10263,24,0.00
60,20.70,10263,30,0.25
36,8.00,10263,74,0.25
35,15.20,10264,2,0.00
25,7.70,10264,41,0.15
30,31.20,10265,17,0.00
20,12.00,10265,70,0.00
12,30.40,10266,12,0.05
50,14.70,10267,40,0.00
70,44.00,10267,59,0.15
15,14.40,10267,76,0.15
10,99.00,10268,29,0.00
4,27.80,10268,72,0.00
60,2.00,10269,33,0.05
20,27.80,10269,72,0.05
30,15.20,10270,36,0.00
25,36.80,10270,43,0.00
24,2.00,10271,33,0.00
6,64.80,10272,20,0.00
40,10.00,10272,31,0.00
24,27.80,10272,72,0.00
24,24.80,10273,10,0.05
15,10.00,10273,31,0.05
20,2.00,10273,33,0.00
60,14.70,10273,40,0.05
33,14.40,10273,76,0.05
20,17.20,10274,71,0.00
7,27.80,10274,72,0.00
12,3.60,10275,24,0.05
6,44.00,10275,59,0.05
15,24.80,10276,10,0.00
10,4.80,10276,13,0.00
20,36.40,10277,28,0.00
12,39.40,10277,62,0.00
16,15.50,10278,44,0.00
15,44.00,10278,59,0.00
8,35.10,10278,63,0.00
25,12.00,10278,73,0.00
15,31.20,10279,17,0.25
12,3.60,10280,24,0.00
20,19.20,10280,55,0.00
30,6.20,10280,75,0.00
1,7.30,10281,19,0.00
6,3.60,10281,24,0.00
4,14.40,10281,35,0.00
6,20.70,10282,30,0.00
2,15.60,10282,57,0.00
20,12.40,10283,15,0.00
18,7.30,10283,19,0.00
35,27.20,10283,60,0.00
3,27.80,10283,72,0.00
15,35.10,10284,27,0.25
21,15.50,10284,44,0.00
20,27.20,10284,60,0.25
5,11.20,10284,67,0.25
45,14.40,10285,1,0.20
40,14.70,10285,40,0.20
36,26.20,10285,53,0.20
100,14.40,10286,35,0.00
40,39.40,10286,62,0.00
40,13.90,10287,16,0.15
20,11.20,10287,34,0.00
15,9.60,10287,46,0.15
10,5.90,10288,54,0.10
3,10.00,10288,68,0.10
30,8.00,10289,3,0.00
9,26.60,10289,64,0.00
20,17.00,10290,5,0.00
15,99.00,10290,29,0.00
15,16.00,10290,49,0.00
10,10.40,10290,77,0.00
20,4.80,10291,13,0.10
24,15.50,10291,44,0.10
2,42.40,10291,51,0.10
20,64.80,10292,20,0.00
12,50.00,10293,18,0.00
10,3.60,10293,24,0.00
5,35.10,10293,63,0.00
6,6.20,10293,75,0.00
18,14.40,10294,1,0.00
15,31.20,10294,17,0.00
15,36.80,10294,43,0.00
21,27.20,10294,60,0.00
6,6.20,10294,75,0.00
4,30.40,10295,56,0.00
12,16.80,10296,11,0.00
30,13.90,10296,16,0.00
15,28.80,10296,69,0.00
60,14.40,10297,39,0.00
20,27.80,10297,72,0.00
40,15.20,10298,2,0.00
40,15.20,10298,36,0.25
30,44.00,10298,59,0.25
15,39.40,10298,62,0.00
15,7.30,10299,19,0.00
20,12.00,10299,70,0.00
30,13.60,10300,66,0.00
20,10.00,10300,68,0.00
10,14.70,10301,40,0.00
20,30.40,10301,56,0.00
40,31.20,10302,17,0.00
28,36.40,10302,28,0.00
12,36.80,10302,43,0.00
40,14.70,10303,40,0.10
30,16.80,10303,65,0.10
15,10.00,10303,68,0.10
30,16.00,10304,49,0.00
10,44.00,10304,59,0.00
2,17.20,10304,71,0.00
25,50.00,10305,18,0.10
25,99.00,10305,29,0.10
30,14.40,10305,39,0.10
10,20.70,10306,30,0.00
10,26.20,10306,53,0.00
5,5.90,10306,54,0.00
10,39.40,10307,62,0.00
3,10.00,10307,68,0.00
1,28.80,10308,69,0.00
5,12.00,10308,70,0.00
20,17.60,10309,4,0.00
30,20.00,10309,6,0.00
2,11.20,10309,42,0.00
20,36.80,10309,43,0.00
3,17.20,10309,71,0.00
10,13.90,10310,16,0.00
5,39.40,10310,62,0.00
6,11.20,10311,42,0.00
7,28.80,10311,69,0.00
4,36.40,10312,28,0.00
24,36.80,10312,43,0.00
20,26.20,10312,53,0.00
10,6.20,10312,75,0.00
12,15.20,10313,36,0.00
40,25.60,10314,32,0.10
30,10.60,10314,58,0.10
25,39.40,10314,62,0.10
14,11.20,10315,34,0.00
30,12.00,10315,70,0.00
10,7.70,10316,41,0.00
70,39.40,10316,62,0.00
20,14.40,10317,1,0.00
20,7.70,10318,41,0.00
6,14.40,10318,76,0.00
8,31.20,10319,17,0.00
14,36.40,10319,28,0.00
30,14.40,10319,76,0.00
30,17.20,10320,71,0.00
10,14.40,10321,35,0.00
20,5.60,10322,52,0.00
5,12.40,10323,15,0.00
4,11.20,10323,25,0.00
4,14.40,10323,39,0.00
21,13.90,10324,16,0.15
70,14.40,10324,35,0.15
30,9.60,10324,46,0.00
40,44.00,10324,59,0.15
80,35.10,10324,63,0.15
6,20.00,10325,6,0.00
12,4.80,10325,13,0.00
9,18.60,10325,14,0.00
4,10.00,10325,31,0.00
40,27.80,10325,72,0.00
24,17.60,10326,4,0.00
16,15.60,10326,57,0.00
50,6.20,10326,75,0.00
25,15.20,10327,2,0.20
50,16.80,10327,11,0.20
35,20.70,10327,30,0.20
30,10.60,10327,58,0.20
9,44.00,10328,59,0.00
40,16.80,10328,65,0.00
10,10.00,10328,68,0.00
10,7.30,10329,19,0.05
8,20.70,10329,30,0.05
20,210.80,10329,38,0.05
12,30.40,10329,56,0.05
50,24.90,10330,26,0.15
25,27.80,10330,72,0.15
15,5.90,10331,54,0.00
40,50.00,10332,18,0.20
10,11.20,10332,42,0.20
16,7.60,10332,47,0.20
10,18.60,10333,14,0.00
10,8.00,10333,21,0.10
40,17.20,10333,71,0.10
8,5.60,10334,52,0.00
10,10.00,10334,68,0.00
7,15.20,10335,2,0.20
25,10.00,10335,31,0.20
6,25.60,10335,32,0.20
48,42.40,10335,51,0.20
18,17.60,10336,4,0.10
40,7.20,10337,23,0.00
24,24.90,10337,26,0.00
20,15.20,10337,36,0.00
28,20.80,10337,37,0.00
25,27.80,10337,72,0.00
20,31.20,10338,17,0.00
15,20.70,10338,30,0.00
10,17.60,10339,4,0.00
70,31.20,10339,17,0.05
28,39.40,10339,62,0.00
20,50.00,10340,18,0.05
12,7.70,10340,41,0.05
40,36.80,10340,43,0.05
8,2.00,10341,33,0.00
9,44.00,10341,59,0.15
24,15.20,10342,2,0.20
56,10.00,10342,31,0.20
40,15.20,10342,36,0.20
40,19.20,10342,55,0.20
50,26.60,10343,64,0.00
4,10.00,10343,68,0.05
15,14.40,10343,76,0.00
35,17.60,10344,4,0.00
70,32.00,10344,8,0.25
70,32.00,10345,8,0.00
80,7.30,10345,19,0.00
9,11.20,10345,42,0.00
36,31.20,10346,17,0.10
20,30.40,10346,56,0.00
10,11.20,10347,25,0.00
50,14.40,10347,39,0.15
4,14.70,10347,40,0.00
6,6.20,10347,75,0.15
15,14.40,10348,1,0.15
25,7.20,10348,23,0.00
24,5.90,10349,54,0.00
15,13.00,10350,50,0.10
18,28.80,10350,69,0.10
20,210.80,10351,38,0.05
13,7.70,10351,41,0.00
77,15.50,10351,44,0.05
10,16.80,10351,65,0.05
10,3.60,10352,24,0.00
20,5.90,10352,54,0.15
12,16.80,10353,11,0.20
50,210.80,10353,38,0.20
12,14.40,10354,1,0.00
4,99.00,10354,29,0.00
25,3.60,10355,24,0.00
25,15.60,10355,57,0.00
30,10.00,10356,31,0.00
12,19.20,10356,55,0.00
20,28.80,10356,69,0.00
30,24.80,10357,10,0.20
16,24.90,10357,26,0.00
8,27.20,10357,60,0.20
10,3.60,10358,24,0.05
10,11.20,10358,34,0.05
20,15.20,10358,36,0.05
56,13.90,10359,16,0.05
70,10.00,10359,31,0.05
80,27.20,10359,60,0.05
30,36.40,10360,28,0.00
35,99.00,10360,29,0.00
10,210.80,10360,38,0.00
35,16.00,10360,49,0.00
28,5.90,10360,54,0.00
54,14.40,10361,39,0.10
55,27.20,10361,60,0.10
50,11.20,10362,25,0.00
20,42.40,10362,51,0.00
24,5.90,10362,54,0.00
20,10.00,10363,31,0.00
12,6.20,10363,75,0.00
12,14.40,10363,76,0.00
30,28.80,10364,69,0.00
5,17.20,10364,71,0.00
24,16.80,10365,11,0.00
5,16.80,10366,65,0.00
5,10.40,10366,77,0.00
36,11.20,10367,34,0.00
18,5.90,10367,54,0.00
15,16.80,10367,65,0.00
7,10.40,10367,77,0.00
5,8.00,10368,21,0.10
13,36.40,10368,28,0.10
25,15.60,10368,57,0.00
35,26.60,10368,64,0.10
20,99.00,10369,29,0.00
18,30.40,10369,56,0.25
15,14.40,10370,1,0.15
30,26.60,10370,64,0.00
20,8.00,10370,74,0.15
6,15.20,10371,36,0.20
12,64.80,10372,20,0.25
40,210.80,10372,38,0.25
70,27.20,10372,60,0.25
42,27.80,10372,72,0.25
80,10.60,10373,58,0.20
50,17.20,10373,71,0.20
30,10.00,10374,31,0.00
15,10.60,10374,58,0.00
15,18.60,10375,14,0.00
10,5.90,10375,54,0.00
42,10.00,10376,31,0.05
20,36.40,10377,28,0.15
20,14.40,10377,39,0.15
6,17.20,10378,71,0.00
8,7.70,10379,41,0.10
16,35.10,10379,63,0.10
20,16.80,10379,65,0.10
18,20.70,10380,30,0.10
20,26.20,10380,53,0.10
6,27.20,10380,60,0.10
30,12.00,10380,70,0.00
14,8.00,10381,74,0.00
32,17.00,10382,5,0.00
9,50.00,10382,18,0.00
14,99.00,10382,29,0.00
60,2.00,10382,33,0.00
50,8.00,10382,74,0.00
20,4.80,10383,13,0.00
15,13.00,10383,50,0.00
20,30.40,10383,56,0.00
28,64.80,10384,20,0.00
15,27.20,10384,60,0.00
10,24.00,10385,7,0.20
20,27.20,10385,60,0.20
8,10.00,10385,68,0.20
15,3.60,10386,24,0.00
10,11.20,10386,34,0.00
15,3.60,10387,24,0.00
6,36.40,10387,28,0.00
12,44.00,10387,59,0.00
15,17.20,10387,71,0.00
15,7.60,10388,45,0.20
20,5.60,10388,52,0.20
40,26.20,10388,53,0.00
16,24.80,10389,10,0.00
15,19.20,10389,55,0.00
20,39.40,10389,62,0.00
30,12.00,10389,70,0.00
60,10.00,10390,31,0.10
40,14.40,10390,35,0.10
45,9.60,10390,46,0.00
24,27.80,10390,72,0.10
18,4.80,10391,13,0.00
50,28.80,10392,69,0.00
25,15.20,10393,2,0.25
42,18.60,10393,14,0.25
7,11.20,10393,25,0.25
70,24.90,10393,26,0.25
32,10.00,10393,31,0.00
10,4.80,10394,13,0.00
10,39.40,10394,62,0.00
28,9.60,10395,46,0.10
70,26.20,10395,53,0.10
8,28.80,10395,69,0.00
40,7.20,10396,23,0.00
60,17.20,10396,71,0.00
21,27.80,10396,72,0.00
10,8.00,10397,21,0.15
18,42.40,10397,51,0.15
30,14.40,10398,35,0.00
120,19.20,10398,55,0.10
60,10.00,10399,68,0.00
30,17.20,10399,71,0.00
35,14.40,10399,76,0.00
14,10.40,10399,77,0.00
21,99.00,10400,29,0.00
35,14.40,10400,35,0.00
30,16.00,10400,49,0.00
18,20.70,10401,30,0.00
70,30.40,10401,56,0.00
20,16.80,10401,65,0.00
60,17.20,10401,71,0.00
60,7.20,10402,23,0.00
65,35.10,10402,63,0.00
21,13.90,10403,16,0.15
70,10.20,10403,48,0.15
30,24.90,10404,26,0.05
40,11.20,10404,42,0.05
30,16.00,10404,49,0.05
50,8.00,10405,3,0.00
10,14.40,10406,1,0.00
30,8.00,10406,21,0.10
42,36.40,10406,28,0.10
5,15.20,10406,36,0.10
2,14.70,10406,40,0.10
30,16.80,10407,11,0.00
15,28.80,10407,69,0.00
15,17.20,10407,71,0.00
10,20.80,10408,37,0.00
6,5.90,10408,54,0.00
35,39.40,10408,62,0.00
12,18.60,10409,14,0.00
12,8.00,10409,21,0.00
49,2.00,10410,33,0.00
16,44.00,10410,59,0.00
25,7.70,10411,41,0.20
40,15.50,10411,44,0.20
9,44.00,10411,59,0.20
20,18.60,10412,14,0.10
24,14.40,10413,1,0.00
40,39.40,10413,62,0.00
14,14.40,10413,76,0.00
18,7.30,10414,19,0.05
50,2.00,10414,33,0.00
2,31.20,10415,17,0.00
20,2.00,10415,33,0.00
20,7.30,10416,19,0.00
10,26.20,10416,53,0.00
20,15.60,10416,57,0.00
50,210.80,10417,38,0.00
2,9.60,10417,46,0.25
36,10.00,10417,68,0.25
35,10.40,10417,77,0.00
60,15.20,10418,2,0.00
55,7.60,10418,47,0.00
16,22.80,10418,61,0.00
15,8.00,10418,74,0.00
60,27.20,10419,60,0.05
20,28.80,10419,69,0.05
20,77.60,10420,9,0.10
2,4.80,10420,13,0.10
8,12.00,10420,70,0.10
20,12.00,10420,73,0.10
4,7.30,10421,19,0.15
30,24.90,10421,26,0.00
15,26.20,10421,53,0.15
10,10.40,10421,77,0.15
2,24.90,10422,26,0.00
14,10.00,10423,31,0.00
20,44.00,10423,59,0.00
60,14.40,10424,35,0.20
49,210.80,10424,38,0.20
30,10.00,10424,68,0.20
10,19.20,10425,55,0.25
20,14.40,10425,76,0.25
5,30.40,10426,56,0.00
7,26.60,10426,64,0.00
35,18.60,10427,14,0.00
20,9.60,10428,46,0.00
40,13.00,10429,50,0.00
35,35.10,10429,63,0.25
45,31.20,10430,17,0.20
50,8.00,10430,21,0.00
30,30.40,10430,56,0.00
70,44.00,10430,59,0.20
50,31.20,10431,17,0.25
50,14.70,10431,40,0.25
30,7.60,10431,47,0.25
10,24.90,10432,26,0.00
40,5.90,10432,54,0.00
28,30.40,10433,56,0.00
6,16.80,10434,11,0.00
18,14.40,10434,76,0.15
10,15.20,10435,2,0.00
12,16.80,10435,22,0.00
10,27.80,10435,72,0.00
5,9.60,10436,46,0.00
40,30.40,10436,56,0.10
30,26.60,10436,64,0.10
24,6.20,10436,75,0.10
15,26.20,10437,53,0.00
15,7.30,10438,19,0.20
20,11.20,10438,34,0.20
15,15.60,10438,57,0.20
15,30.40,10439,12,0.00
16,13.90,10439,16,0.00
6,26.60,10439,64,0.00
30,8.00,10439,74,0.00
45,15.20,10440,2,0.15
49,13.90,10440,16,0.15
24,99.00,10440,29,0.15
90,22.80,10440,61,0.15
50,35.10,10441,27,0.00
30,16.80,10442,11,0.00
80,5.90,10442,54,0.00
60,13.60,10442,66,0.00
6,16.80,10443,11,0.20
12,36.40,10443,28,0.00
10,31.20,10444,17,0.00
15,24.90,10444,26,0.00
8,14.40,10444,35,0.00
30,7.70,10444,41,0.00
6,14.40,10445,39,0.00
15,5.90,10445,54,0.00
12,7.30,10446,19,0.10
20,3.60,10446,24,0.10
3,10.00,10446,31,0.10
15,5.60,10446,52,0.10
40,7.30,10447,19,0.00
35,16.80,10447,65,0.00
2,17.20,10447,71,0.00
6,24.90,10448,26,0.00
20,14.70,10448,40,0.00
14,24.80,10449,10,0.00
20,5.60,10449,52,0.00
35,39.40,10449,62,0.00
20,24.80,10450,10,0.20
6,5.90,10450,54,0.20
120,19.20,10451,55,0.10
35,26.60,10451,64,0.10
28,16.80,10451,65,0.10
55,10.40,10451,77,0.10
15,36.40,10452,28,0.00
100,15.50,10452,44,0.05
15,10.20,10453,48,0.10
25,12.00,10453,70,0.10
20,13.90,10454,16,0.20
20,2.00,10454,33,0.20
10,9.60,10454,46,0.20
20,14.40,10455,39,0.00
50,26.20,10455,53,0.00
25,22.80,10455,61,0.00
30,17.20,10455,71,0.00
40,8.00,10456,21,0.15
21,16.00,10456,49,0.15
36,44.00,10457,59,0.00
30,24.90,10458,26,0.00
30,36.40,10458,28,0.00
20,36.80,10458,43,0.00
15,30.40,10458,56,0.00
50,17.20,10458,71,0.00
16,24.00,10459,7,0.05
20,9.60,10459,46,0.05
40,27.80,10459,72,0.00
21,10.00,10460,68,0.25
4,6.20,10460,75,0.25
40,8.00,10461,21,0.25
28,20.70,10461,30,0.25
60,19.20,10461,55,0.25
1,4.80,10462,13,0.00
21,7.20,10462,23,0.00
21,7.30,10463,19,0.00
50,11.20,10463,42,0.00
16,17.60,10464,4,0.20
3,36.80,10464,43,0.00
30,30.40,10464,56,0.20
20,27.20,10464,60,0.00
25,3.60,10465,24,0.00
18,99.00,10465,29,0.10
20,14.70,10465,40,0.00
30,7.60,10465,45,0.10
25,13.00,10465,50,0.00
10,16.80,10466,11,0.00
5,9.60,10466,46,0.00
28,3.60,10467,24,0.00
12,11.20,10467,25,0.00
8,20.70,10468,30,0.00
15,36.80,10468,43,0.00
40,15.20,10469,2,0.15
35,13.90,10469,16,0.15
2,15.50,10469,44,0.15
30,50.00,10470,18,0.00
15,7.20,10470,23,0.00
8,26.60,10470,64,0.00
30,24.00,10471,7,0.00
20,30.40,10471,56,0.00
80,3.60,10472,24,0.05
18,42.40,10472,51,0.00
12,2.00,10473,33,0.00
12,17.20,10473,71,0.00
12,18.60,10474,14,0.00
18,36.40,10474,28,0.00
21,14.70,10474,40,0.00
10,6.20,10474,75,0.00
35,10.00,10475,31,0.15
60,13.60,10475,66,0.15
42,14.40,10475,76,0.15
2,19.20,10476,55,0.05
12,12.00,10476,70,0.00
15,14.40,10477,1,0.00
21,8.00,10477,21,0.25
20,14.40,10477,39,0.25
20,24.80,10478,10,0.05
30,210.80,10479,38,0.00
28,26.20,10479,53,0.00
60,44.00,10479,59,0.00
30,26.60,10479,64,0.00
30,7.60,10480,47,0.00
12,44.00,10480,59,0.00
24,16.00,10481,49,0.00
40,27.20,10481,60,0.00
10,14.70,10482,40,0.00
35,11.20,10483,34,0.05
30,10.40,10483,77,0.05
14,8.00,10484,21,0.00
10,14.70,10484,40,0.00
3,42.40,10484,51,0.00
20,15.20,10485,2,0.10
20,8.00,10485,3,0.10
30,19.20,10485,55,0.10
60,12.00,10485,70,0.10
5,16.80,10486,11,0.00
25,42.40,10486,51,0.00
16,8.00,10486,74,0.00
5,7.30,10487,19,0.00
30,24.90,10487,26,0.00
24,5.90,10487,54,0.25
30,44.00,10488,59,0.00
20,12.00,10488,73,0.20
15,16.80,10489,11,0.25
18,13.90,10489,16,0.00
60,44.00,10490,59,0.00
30,10.00,10490,68,0.00
36,6.20,10490,75,0.00
15,15.50,10491,44,0.15
7,10.40,10491,77,0.15
60,11.20,10492,25,0.05
20,11.20,10492,42,0.05
15,16.80,10493,65,0.10
10,13.60,10493,66,0.10
10,28.80,10493,69,0.10
30,30.40,10494,56,0.00
10,7.20,10495,23,0.00
20,7.70,10495,41,0.00
5,10.40,10495,77,0.00
20,10.00,10496,31,0.05
14,30.40,10497,56,0.00
25,27.80,10497,72,0.00
25,10.40,10497,77,0.00
14,4.50,10498,24,0.00
5,18.40,10498,40,0.00
30,14.00,10498,42,0.00
20,45.60,10499,28,0.00
25,20.00,10499,49,0.00
12,15.50,10500,15,0.05
8,45.60,10500,28,0.05
20,7.45,10501,54,0.00
21,9.50,10502,45,0.00
6,32.80,10502,53,0.00
30,14.00,10502,67,0.00
70,23.25,10503,14,0.00
20,21.05,10503,65,0.00
12,19.00,10504,2,0.00
12,10.00,10504,21,0.00
10,32.80,10504,53,0.00
25,28.50,10504,61,0.00
3,49.30,10505,62,0.00
18,14.00,10506,25,0.10
14,15.00,10506,70,0.10
15,46.00,10507,43,0.15
15,12.75,10507,48,0.15
10,6.00,10508,13,0.00
10,18.00,10508,39,0.00
3,45.60,10509,28,0.00
36,123.79,10510,29,0.00
36,7.75,10510,75,0.10
50,22.00,10511,4,0.15
50,30.00,10511,7,0.15
10,40.00,10511,8,0.15
10,4.50,10512,24,0.15
9,12.00,10512,46,0.15
6,9.50,10512,47,0.15
12,34.00,10512,60,0.15
40,10.00,10513,21,0.20
50,32.00,10513,32,0.20
15,28.50,10513,61,0.20
39,81.00,10514,20,0.00
35,45.60,10514,28,0.00
70,38.00,10514,56,0.00
39,21.05,10514,65,0.00
50,7.75,10514,75,0.00
16,97.00,10515,9,0.15
50,17.45,10515,16,0.00
120,43.90,10515,27,0.00
16,2.50,10515,33,0.15
84,34.00,10515,60,0.15
25,62.50,10516,18,0.10
80,9.65,10516,41,0.10
20,14.00,10516,42,0.00
6,7.00,10517,52,0.00
4,55.00,10517,59,0.00
6,15.00,10517,70,0.00
5,4.50,10518,24,0.00
15,263.50,10518,38,0.00
9,19.45,10518,44,0.00
16,31.00,10519,10,0.05
40,38.00,10519,56,0.00
10,34.00,10519,60,0.05
8,4.50,10520,24,0.00
5,32.80,10520,53,0.00
3,18.00,10521,35,0.00
10,9.65,10521,41,0.00
6,12.50,10521,68,0.00
40,18.00,10522,1,0.20
24,40.00,10522,8,0.00
20,25.89,10522,30,0.20
25,18.40,10522,40,0.20
25,39.00,10523,17,0.10
15,81.00,10523,20,0.10
18,26.00,10523,37,0.10
6,9.65,10523,41,0.10
2,31.00,10524,10,0.00
10,25.89,10524,30,0.00
60,46.00,10524,43,0.00
15,7.45,10524,54,0.00
30,19.00,10525,36,0.00
15,18.40,10525,40,0.10
8,18.00,10526,1,0.15
10,6.00,10526,13,0.00
30,38.00,10526,56,0.15
50,22.00,10527,4,0.10
30,19.00,10527,36,0.10
3,21.00,10528,11,0.00
8,2.50,10528,33,0.20
9,34.80,10528,72,0.00
14,24.00,10529,55,0.00
20,12.50,10529,68,0.00
10,36.00,10529,69,0.00
40,39.00,10530,17,0.00
25,46.00,10530,43,0.00
20,28.50,10530,61,0.00
50,18.00,10530,76,0.00
2,55.00,10531,59,0.00
15,25.89,10532,30,0.00
24,17.00,10532,66,0.00
50,22.00,10533,4,0.05
24,34.80,10533,72,0.00
24,15.00,10533,73,0.05
10,25.89,10534,30,0.00
10,18.40,10534,40,0.20
10,7.45,10534,54,0.20
50,21.00,10535,11,0.10
10,18.40,10535,40,0.10
5,19.50,10535,57,0.10
15,55.00,10535,59,0.10
15,38.00,10536,12,0.25
20,12.50,10536,31,0.00
30,2.50,10536,33,0.00
35,34.00,10536,60,0.25
30,12.50,10537,31,0.00
6,53.00,10537,51,0.00
20,13.25,10537,58,0.00
21,34.80,10537,72,0.00
9,15.00,10537,73,0.00
7,15.00,10538,70,0.00
1,34.80,10538,72,0.00
8,6.00,10539,13,0.00
15,10.00,10539,21,0.00
15,2.50,10539,33,0.00
6,20.00,10539,49,0.00
60,10.00,10540,3,0.00
40,31.23,10540,26,0.00
30,263.50,10540,38,0.00
35,12.50,10540,68,0.00
35,4.50,10541,24,0.10
4,263.50,10541,38,0.10
36,21.05,10541,65,0.10
9,21.50,10541,71,0.10
15,21.00,10542,11,0.05
24,7.45,10542,54,0.05
30,38.00,10543,12,0.15
70,9.00,10543,23,0.15
7,45.60,10544,28,0.00
7,14.00,10544,67,0.00
10,21.00,10545,11,0.00
10,30.00,10546,7,0.00
30,18.00,10546,35,0.00
40,49.30,10546,62,0.00
24,32.00,10547,32,0.15
60,19.00,10547,36,0.00
10,14.00,10548,34,0.25
14,9.65,10548,41,0.00
55,12.50,10549,31,0.15
100,9.50,10549,45,0.15
48,53.00,10549,51,0.15
8,39.00,10550,17,0.10
10,9.20,10550,19,0.00
6,10.00,10550,21,0.10
10,28.50,10550,61,0.10
40,17.45,10551,16,0.15
20,18.00,10551,35,0.15
40,19.45,10551,44,0.00
18,36.00,10552,69,0.00
30,7.75,10552,75,0.00
15,21.00,10553,11,0.00
14,17.45,10553,16,0.00
24,21.00,10553,22,0.00
30,12.50,10553,31,0.00
6,18.00,10553,35,0.00
30,17.45,10554,16,0.05
20,9.00,10554,23,0.05
20,49.30,10554,62,0.05
10,13.00,10554,77,0.05
30,23.25,10555,14,0.20
35,9.20,10555,19,0.20
18,4.50,10555,24,0.20
20,53.00,10555,51,0.20
40,38.00,10555,56,0.20
24,34.80,10556,72,0.00
30,33.25,10557,64,0.00
20,7.75,10557,75,0.00
25,9.50,10558,47,0.00
20,53.00,10558,51,0.00
30,7.00,10558,52,0.00
18,32.80,10558,53,0.00
3,15.00,10558,73,0.00
12,9.65,10559,41,0.05
18,24.00,10559,55,0.05
20,25.89,10560,30,0.00
15,49.30,10560,62,0.25
10,19.45,10561,44,0.00
50,53.00,10561,51,0.00
20,2.50,10562,33,0.10
10,49.30,10562,62,0.10
25,19.00,10563,36,0.00
70,7.00,10563,52,0.00
16,39.00,10564,17,0.05
6,12.50,10564,31,0.05
25,24.00,10564,55,0.05
25,4.50,10565,24,0.10
18,33.25,10565,64,0.10
35,21.00,10566,11,0.15
18,62.50,10566,18,0.15
10,18.00,10566,76,0.00
60,12.50,10567,31,0.20
3,53.00,10567,51,0.00
40,55.00,10567,59,0.20
5,31.00,10568,10,0.00
35,12.50,10569,31,0.20
30,18.00,10569,76,0.00
15,21.00,10570,11,0.05
60,38.00,10570,56,0.05
11,23.25,10571,14,0.15
28,14.00,10571,42,0.15
12,17.45,10572,16,0.10
10,32.00,10572,32,0.10
50,18.40,10572,40,0.00
15,7.75,10572,75,0.10
18,39.00,10573,17,0.00
40,14.00,10573,34,0.00
25,32.80,10573,53,0.00
14,2.50,10574,33,0.00
2,18.40,10574,40,0.00
10,49.30,10574,62,0.00
6,33.25,10574,64,0.00
12,55.00,10575,59,0.00
6,43.90,10575,63,0.00
30,34.80,10575,72,0.00
10,18.00,10575,76,0.00
10,18.00,10576,1,0.00
20,12.50,10576,31,0.00
21,19.45,10576,44,0.00
10,18.00,10577,39,0.00
20,7.75,10577,75,0.00
18,13.00,10577,77,0.00
20,18.00,10578,35,0.00
6,19.50,10578,57,0.00
10,15.50,10579,15,0.00
21,7.75,10579,75,0.00
15,23.25,10580,14,0.05
9,9.65,10580,41,0.05
30,21.05,10580,65,0.05
50,7.75,10581,75,0.20
4,19.50,10582,57,0.00
14,18.00,10582,76,0.00
10,123.79,10583,29,0.00
24,34.00,10583,60,0.15
10,36.00,10583,69,0.15
50,12.50,10584,31,0.05
15,9.50,10585,47,0.00
4,7.00,10586,52,0.15
6,31.23,10587,26,0.00
20,18.00,10587,35,0.00
20,13.00,10587,77,0.00
40,62.50,10588,18,0.20
100,14.00,10588,42,0.20
4,18.00,10589,35,0.00
20,18.00,10590,1,0.00
60,13.00,10590,77,0.05
14,10.00,10591,3,0.00
10,30.00,10591,7,0.00
50,7.45,10591,54,0.00
25,15.50,10592,15,0.05
5,31.23,10592,26,0.05
21,81.00,10593,20,0.20
20,36.00,10593,69,0.20
4,18.00,10593,76,0.20
24,7.00,10594,52,0.00
30,13.25,10594,58,0.00
30,18.00,10595,35,0.25
120,28.50,10595,61,0.25
65,36.00,10595,69,0.25
5,38.00,10596,56,0.20
24,43.90,10596,63,0.20
30,7.75,10596,75,0.20
35,4.50,10597,24,0.20
20,19.50,10597,57,0.00
12,21.05,10597,65,0.20
50,43.90,10598,27,0.00
9,21.50,10598,71,0.00
10,49.30,10599,62,0.00
4,7.45,10600,54,0.00
30,15.00,10600,73,0.00
60,6.00,10601,13,0.00
35,55.00,10601,59,0.00
5,13.00,10602,77,0.25
48,21.00,10603,22,0.00
25,20.00,10603,49,0.05
6,12.75,10604,48,0.10
10,18.00,10604,76,0.10
30,17.45,10605,16,0.05
20,55.00,10605,59,0.05
70,34.00,10605,60,0.05
15,21.50,10605,71,0.05
20,22.00,10606,4,0.20
20,24.00,10606,55,0.20
10,49.30,10606,62,0.20
45,30.00,10607,7,0.00
100,39.00,10607,17,0.00
14,2.50,10607,33,0.00
42,18.40,10607,40,0.00
12,34.80,10607,72,0.00
28,38.00,10608,56,0.00
3,18.00,10609,1,0.00
10,31.00,10609,10,0.00
6,10.00,10609,21,0.00
21,19.00,10610,36,0.25
6,18.00,10611,1,0.00
10,19.00,10611,2,0.00
15,34.00,10611,60,0.00
70,31.00,10612,10,0.00
55,19.00,10612,36,0.00
18,20.00,10612,49,0.00
40,34.00,10612,60,0.00
80,18.00,10612,76,0.00
8,6.00,10613,13,0.10
40,7.75,10613,75,0.00
14,21.00,10614,11,0.00
8,10.00,10614,21,0.00
5,18.00,10614,39,0.00
5,24.00,10615,55,0.00
15,263.50,10616,38,0.05
14,38.00,10616,56,0.00
15,15.00,10616,70,0.05
15,21.50,10616,71,0.05
30,55.00,10617,59,0.15
70,25.00,10618,6,0.00
20,38.00,10618,56,0.00
15,12.50,10618,68,0.00
42,10.00,10619,21,0.00
40,21.00,10619,22,0.00
5,4.50,10620,24,0.00
5,7.00,10620,52,0.00
5,9.20,10621,19,0.00
10,9.00,10621,23,0.00
20,15.00,10621,70,0.00
15,21.50,10621,71,0.00
20,19.00,10622,2,0.00
18,12.50,10622,68,0.20
21,23.25,10623,14,0.00
15,9.20,10623,19,0.10
25,10.00,10623,21,0.10
3,4.50,10623,24,0.00
30,18.00,10623,35,0.10
10,45.60,10624,28,0.00
6,123.79,10624,29,0.00
10,19.45,10624,44,0.00
3,23.25,10625,14,0.00
5,14.00,10625,42,0.00
10,34.00,10625,60,0.00
12,32.80,10626,53,0.00
20,34.00,10626,60,0.00
20,21.50,10626,71,0.00
15,49.30,10627,62,0.00
35,15.00,10627,73,0.15
25,18.00,10628,1,0.00
20,123.79,10629,29,0.00
9,33.25,10629,64,0.00
12,24.00,10630,55,0.05
35,18.00,10630,76,0.00
8,7.75,10631,75,0.10
30,19.00,10632,2,0.05
20,2.50,10632,33,0.05
36,38.00,10633,12,0.15
13,6.00,10633,13,0.15
35,31.23,10633,26,0.15
80,49.30,10633,62,0.15
35,30.00,10634,7,0.00
50,62.50,10634,18,0.00
15,53.00,10634,51,0.00
2,7.75,10634,75,0.00
10,22.00,10635,4,0.10
15,21.35,10635,5,0.10
40,21.00,10635,22,0.00
25,22.00,10636,4,0.00
6,13.25,10636,58,0.00
10,21.00,10637,11,0.00
25,16.25,10637,50,0.05
60,38.00,10637,56,0.05
20,9.50,10638,45,0.00
21,21.05,10638,65,0.00
60,34.80,10638,72,0.00
8,62.50,10639,18,0.00
20,36.00,10640,69,0.25
15,15.00,10640,70,0.25
50,19.00,10641,2,0.00
60,18.40,10641,40,0.00
30,10.00,10642,21,0.20
20,28.50,10642,61,0.20
15,45.60,10643,28,0.25
21,18.00,10643,39,0.25
2,12.00,10643,46,0.25
4,62.50,10644,18,0.10
20,46.00,10644,43,0.00
21,12.00,10644,46,0.10
20,62.50,10645,18,0.00
15,19.00,10645,36,0.00
15,18.00,10646,1,0.25
18,31.00,10646,10,0.25
30,21.50,10646,71,0.25
35,13.00,10646,77,0.25
30,9.20,10647,19,0.00
20,18.00,10647,39,0.00
15,21.00,10648,22,0.00
15,4.50,10648,24,0.15
20,45.60,10649,28,0.00
15,34.80,10649,72,0.00
30,25.89,10650,30,0.00
25,32.80,10650,53,0.05
30,7.45,10650,54,0.00
12,9.20,10651,19,0.25
20,21.00,10651,22,0.25
2,25.89,10652,30,0.25
20,14.00,10652,42,0.00
30,17.45,10653,16,0.10
20,34.00,10653,60,0.10
12,22.00,10654,4,0.10
20,18.00,10654,39,0.10
6,7.45,10654,54,0.10
20,9.65,10655,41,0.20
3,23.25,10656,14,0.10
28,19.45,10656,44,0.10
6,9.50,10656,47,0.10
50,15.50,10657,15,0.00
24,9.65,10657,41,0.00
45,12.00,10657,46,0.00
10,9.50,10657,47,0.00
45,38.00,10657,56,0.00
30,34.00,10657,60,0.00
60,10.00,10658,21,0.00
70,18.40,10658,40,0.05
55,34.00,10658,60,0.05
70,13.00,10658,77,0.05
20,12.50,10659,31,0.05
24,18.40,10659,40,0.05
40,15.00,10659,70,0.05
21,81.00,10660,20,0.00
3,18.00,10661,39,0.20
49,13.25,10661,58,0.20
10,12.50,10662,68,0.00
30,18.40,10663,40,0.05
30,14.00,10663,42,0.05
20,53.00,10663,51,0.05
24,31.00,10664,10,0.15
12,38.00,10664,56,0.15
15,21.05,10664,65,0.15
20,53.00,10665,51,0.00
1,55.00,10665,59,0.00
10,18.00,10665,76,0.00
36,123.79,10666,29,0.00
10,21.05,10666,65,0.00
45,36.00,10667,69,0.20
14,21.50,10667,71,0.20
8,12.50,10668,31,0.10
4,24.00,10668,55,0.10
15,33.25,10668,64,0.10
30,19.00,10669,36,0.00
32,9.00,10670,23,0.00
60,12.00,10670,46,0.00
25,14.00,10670,67,0.00
50,15.00,10670,73,0.00
25,7.75,10670,75,0.00
10,17.45,10671,16,0.00
10,49.30,10671,62,0.00
12,21.05,10671,65,0.00
15,263.50,10672,38,0.10
12,21.50,10672,71,0.00
3,17.45,10673,16,0.00
6,14.00,10673,42,0.00
6,46.00,10673,43,0.00
5,9.00,10674,23,0.00
30,23.25,10675,14,0.00
10,32.80,10675,53,0.00
30,13.25,10675,58,0.00
2,31.00,10676,10,0.00
7,9.20,10676,19,0.00
21,19.45,10676,44,0.00
30,31.23,10677,26,0.15
8,2.50,10677,33,0.15
100,38.00,10678,12,0.00
30,2.50,10678,33,0.00
120,9.65,10678,41,0.00
30,7.45,10678,54,0.00
12,55.00,10679,59,0.00
50,17.45,10680,16,0.25
20,12.50,10680,31,0.25
40,14.00,10680,42,0.25
30,9.20,10681,19,0.10
12,10.00,10681,21,0.10
28,33.25,10681,64,0.00
30,2.50,10682,33,0.00
4,17.00,10682,66,0.00
30,7.75,10682,75,0.00
9,7.00,10683,52,0.00
20,18.40,10684,40,0.00
40,9.50,10684,47,0.00
30,34.00,10684,60,0.00
20,31.00,10685,10,0.00
4,9.65,10685,41,0.00
15,9.50,10685,47,0.00
30,39.00,10686,17,0.20
15,31.23,10686,26,0.00
50,97.00,10687,9,0.25
10,123.79,10687,29,0.00
6,19.00,10687,36,0.25
18,31.00,10688,10,0.10
60,45.60,10688,28,0.10
14,14.00,10688,34,0.00
35,18.00,10689,1,0.25
20,38.00,10690,56,0.25
30,13.00,10690,77,0.25
30,18.00,10691,1,0.00
40,123.79,10691,29,0.00
40,46.00,10691,43,0.00
24,19.45,10691,44,0.00
48,49.30,10691,62,0.00
20,43.90,10692,63,0.00
6,97.00,10693,9,0.00
60,7.45,10693,54,0.15
30,36.00,10693,69,0.15
15,15.00,10693,73,0.15
90,30.00,10694,7,0.00
25,55.00,10694,59,0.00
50,15.00,10694,70,0.00
10,40.00,10695,8,0.00
4,38.00,10695,12,0.00
20,4.50,10695,24,0.00
20,39.00,10696,17,0.00
18,12.00,10696,46,0.00
7,9.20,10697,19,0.25
9,18.00,10697,35,0.25
30,13.25,10697,58,0.25
30,15.00,10697,70,0.25
15,21.00,10698,11,0.00
8,39.00,10698,17,0.05
12,123.79,10698,29,0.05
65,21.05,10698,65,0.05
8,15.00,10698,70,0.05
12,9.50,10699,47,0.00
5,18.00,10700,1,0.20
12,14.00,10700,34,0.20
40,12.50,10700,68,0.20
60,21.50,10700,71,0.20
42,55.00,10701,59,0.15
20,21.50,10701,71,0.15
35,18.00,10701,76,0.15
6,10.00,10702,3,0.00
15,18.00,10702,76,0.00
5,19.00,10703,2,0.00
35,55.00,10703,59,0.00
35,15.00,10703,73,0.00
6,22.00,10704,4,0.00
35,4.50,10704,24,0.00
24,12.75,10704,48,0.00
20,12.50,10705,31,0.00
4,32.00,10705,32,0.00
20,17.45,10706,16,0.00
24,46.00,10706,43,0.00
8,55.00,10706,59,0.00
21,24.00,10707,55,0.00
40,19.50,10707,57,0.00
28,15.00,10707,70,0.15
4,21.35,10708,5,0.00
5,19.00,10708,36,0.00
40,40.00,10709,8,0.00
28,53.00,10709,51,0.00
10,34.00,10709,60,0.00
5,9.20,10710,19,0.00
5,9.50,10710,47,0.00
12,9.20,10711,19,0.00
42,9.65,10711,41,0.00
120,32.80,10711,53,0.00
3,32.80,10712,53,0.05
30,38.00,10712,56,0.00
18,31.00,10713,10,0.00
30,31.23,10713,26,0.00
110,9.50,10713,45,0.00
24,12.00,10713,46,0.00
30,19.00,10714,2,0.25
27,39.00,10714,17,0.25
50,9.50,10714,47,0.25
18,38.00,10714,56,0.25
12,13.25,10714,58,0.25
21,31.00,10715,10,0.00
30,21.50,10715,71,0.00
5,10.00,10716,21,0.00
7,53.00,10716,51,0.00
10,28.50,10716,61,0.00
32,10.00,10717,21,0.05
15,7.45,10717,54,0.00
25,36.00,10717,69,0.05
36,38.00,10718,12,0.00
20,17.45,10718,16,0.00
40,19.00,10718,36,0.00
20,49.30,10718,62,0.00
12,62.50,10719,18,0.25
3,25.89,10719,30,0.25
40,7.45,10719,54,0.25
21,18.00,10720,35,0.00
8,21.50,10720,71,0.00
50,19.45,10721,44,0.05
3,19.00,10722,2,0.00
50,12.50,10722,31,0.00
45,12.50,10722,68,0.00
42,7.75,10722,75,0.00
15,31.23,10723,26,0.00
16,31.00,10724,10,0.00
5,28.50,10724,61,0.00
12,9.65,10725,41,0.00
4,7.00,10725,52,0.00
6,24.00,10725,55,0.00
25,22.00,10726,4,0.00
5,21.00,10726,11,0.00
20,39.00,10727,17,0.05
10,38.00,10727,56,0.05
10,55.00,10727,59,0.05
15,25.89,10728,30,0.00
6,18.40,10728,40,0.00
12,24.00,10728,55,0.00
15,34.00,10728,60,0.00
50,18.00,10729,1,0.00
30,10.00,10729,21,0.00
40,16.25,10729,50,0.00
15,17.45,10730,16,0.05
3,12.50,10730,31,0.05
10,21.05,10730,65,0.05
40,10.00,10731,21,0.05
30,53.00,10731,51,0.05
20,18.00,10732,76,0.00
16,23.25,10733,14,0.00
20,45.60,10733,28,0.00
25,7.00,10733,52,0.00
30,25.00,10734,6,0.00
15,25.89,10734,30,0.00
20,18.00,10734,76,0.00
20,28.50,10735,61,0.10
2,13.00,10735,77,0.10
40,21.05,10736,65,0.00
20,7.75,10736,75,0.00
4,6.00,10737,13,0.00
12,9.65,10737,41,0.00
3,17.45,10738,16,0.00
6,19.00,10739,36,0.00
18,7.00,10739,52,0.00
5,45.60,10740,28,0.20
35,18.00,10740,35,0.20
40,9.50,10740,45,0.20
14,38.00,10740,56,0.20
15,19.00,10741,2,0.20
20,10.00,10742,3,0.00
50,34.00,10742,60,0.00
35,34.80,10742,72,0.00
28,12.00,10743,46,0.05
50,18.40,10744,40,0.20
24,62.50,10745,18,0.00
16,19.45,10745,44,0.00
45,55.00,10745,59,0.00
7,34.80,10745,72,0.00
6,6.00,10746,13,0.00
28,14.00,10746,42,0.00
9,49.30,10746,62,0.00
40,36.00,10746,69,0.00
8,12.50,10747,31,0.00
35,9.65,10747,41,0.00
9,43.90,10747,63,0.00
30,36.00,10747,69,0.00
44,9.00,10748,23,0.00
40,18.40,10748,40,0.00
28,38.00,10748,56,0.00
15,38.00,10749,56,0.00
6,55.00,10749,59,0.00
10,18.00,10749,76,0.00
5,23.25,10750,14,0.15
40,9.50,10750,45,0.15
25,55.00,10750,59,0.15
12,31.23,10751,26,0.10
30,25.89,10751,30,0.00
20,16.25,10751,50,0.10
15,15.00,10751,73,0.00
8,18.00,10752,1,0.00
3,36.00,10752,69,0.00
4,9.50,10753,45,0.00
5,10.00,10753,74,0.00
3,18.40,10754,40,0.00
30,9.50,10755,47,0.25
30,38.00,10755,56,0.25
14,19.50,10755,57,0.25
25,36.00,10755,69,0.25
21,62.50,10756,18,0.20
20,19.00,10756,36,0.20
6,12.50,10756,68,0.20
20,36.00,10756,69,0.20
30,14.00,10757,34,0.00
7,55.00,10757,59,0.00
30,49.30,10757,62,0.00
24,33.25,10757,64,0.00
20,31.23,10758,26,0.00
60,7.00,10758,52,0.00
40,15.00,10758,70,0.00
10,32.00,10759,32,0.00
12,14.00,10760,25,0.25
40,43.90,10760,27,0.00
30,46.00,10760,43,0.25
35,14.00,10761,25,0.25
18,7.75,10761,75,0.00
16,18.00,10762,39,0.00
30,9.50,10762,47,0.00
28,53.00,10762,51,0.00
60,38.00,10762,56,0.00
40,10.00,10763,21,0.00
6,21.00,10763,22,0.00
20,4.50,10763,24,0.00
20,10.00,10764,3,0.10
130,18.00,10764,39,0.10
80,21.05,10765,65,0.10
40,19.00,10766,2,0.00
35,30.00,10766,7,0.00
40,12.50,10766,68,0.00
2,14.00,10767,42,0.00
4,21.00,10768,22,0.00
50,12.50,10768,31,0.00
15,34.00,10768,60,0.00
12,21.50,10768,71,0.00
30,9.65,10769,41,0.05
15,7.00,10769,52,0.05
20,28.50,10769,61,0.00
15,49.30,10769,62,0.00
15,21.00,10770,11,0.25
16,21.50,10771,71,0.00
18,123.79,10772,29,0.00
25,55.00,10772,59,0.00
33,39.00,10773,17,0.00
70,12.50,10773,31,0.20
7,7.75,10773,75,0.20
2,12.50,10774,31,0.25
50,17.00,10774,66,0.00
6,31.00,10775,10,0.00
3,14.00,10775,67,0.00
16,12.50,10776,31,0.05
12,14.00,10776,42,0.05
27,9.50,10776,45,0.05
120,53.00,10776,51,0.05
20,14.00,10777,42,0.20
10,9.65,10778,41,0.00
20,17.45,10779,16,0.00
20,49.30,10779,62,0.00
35,15.00,10780,70,0.00
15,13.00,10780,77,0.00
3,7.45,10781,54,0.20
20,38.00,10781,56,0.20
35,10.00,10781,74,0.00
1,12.50,10782,31,0.00
10,12.50,10783,31,0.00
5,263.50,10783,38,0.00
30,19.00,10784,36,0.00
2,18.00,10784,39,0.15
30,34.80,10784,72,0.15
10,31.00,10785,10,0.00
10,7.75,10785,75,0.00
30,40.00,10786,8,0.20
15,25.89,10786,30,0.20
42,7.75,10786,75,0.20
15,19.00,10787,2,0.05
20,123.79,10787,29,0.05
50,9.20,10788,19,0.05
40,7.75,10788,75,0.05
30,62.50,10789,18,0.00
15,18.00,10789,35,0.00
30,43.90,10789,63,0.00
18,12.50,10789,68,0.00
3,30.00,10790,7,0.15
20,38.00,10790,56,0.15
14,123.79,10791,29,0.05
20,9.65,10791,41,0.05
10,19.00,10792,2,0.00
3,7.45,10792,54,0.00
15,12.50,10792,68,0.00
14,9.65,10793,41,0.00
8,7.00,10793,52,0.00
15,23.25,10794,14,0.20
6,7.45,10794,54,0.20
65,17.45,10795,16,0.00
35,39.00,10795,17,0.25
21,31.23,10796,26,0.20
10,19.45,10796,44,0.00
35,33.25,10796,64,0.20
24,36.00,10796,69,0.20
20,21.00,10797,11,0.00
2,49.30,10798,62,0.00
10,34.80,10798,72,0.00
20,6.00,10799,13,0.15
20,4.50,10799,24,0.15
25,55.00,10799,59,0.00
50,21.00,10800,11,0.10
10,53.00,10800,51,0.10
7,7.45,10800,54,0.10
40,39.00,10801,17,0.25
20,123.79,10801,29,0.25
25,25.89,10802,30,0.25
30,53.00,10802,51,0.25
60,24.00,10802,55,0.25
5,49.30,10802,62,0.25
24,9.20,10803,19,0.05
15,14.00,10803,25,0.05
15,55.00,10803,59,0.05
36,31.00,10804,10,0.00
24,45.60,10804,28,0.00
4,20.00,10804,49,0.15
10,14.00,10805,34,0.00
10,263.50,10805,38,0.00
20,19.00,10806,2,0.25
2,21.05,10806,65,0.00
15,10.00,10806,74,0.25
1,18.40,10807,40,0.00
20,38.00,10808,56,0.15
50,18.00,10808,76,0.15
20,7.00,10809,52,0.00
7,6.00,10810,13,0.00
5,14.00,10810,25,0.00
5,15.00,10810,70,0.00
15,9.20,10811,19,0.00
18,9.00,10811,23,0.00
30,18.40,10811,40,0.00
16,12.50,10812,31,0.10
40,34.80,10812,72,0.10
20,13.00,10812,77,0.00
12,19.00,10813,2,0.20
35,12.00,10813,46,0.00
20,9.65,10814,41,0.00
20,46.00,10814,43,0.15
8,12.75,10814,48,0.15
30,28.50,10814,61,0.15
16,2.50,10815,33,0.00
30,263.50,10816,38,0.05
20,49.30,10816,62,0.05
40,31.23,10817,26,0.15
30,263.50,10817,38,0.00
60,18.40,10817,40,0.15
25,49.30,10817,62,0.15
20,32.00,10818,32,0.00
20,9.65,10818,41,0.00
7,46.00,10819,43,0.00
20,7.75,10819,75,0.00
30,38.00,10820,56,0.00
20,18.00,10821,35,0.00
6,53.00,10821,51,0.00
3,49.30,10822,62,0.00
6,15.00,10822,70,0.00
20,21.00,10823,11,0.10
15,19.50,10823,57,0.00
40,55.00,10823,59,0.10
15,13.00,10823,77,0.10
12,9.65,10824,41,0.00
9,15.00,10824,70,0.00
12,31.23,10825,26,0.00
20,32.80,10825,53,0.00
35,12.50,10826,31,0.00
15,19.50,10826,57,0.00
15,31.00,10827,10,0.00
21,18.00,10827,39,0.00
5,81.00,10828,20,0.00
2,263.50,10828,38,0.00
10,19.00,10829,2,0.00
20,40.00,10829,8,0.00
10,6.00,10829,13,0.00
21,34.00,10829,60,0.00
6,25.00,10830,6,0.00
28,18.00,10830,39,0.00
30,34.00,10830,60,0.00
24,12.50,10830,68,0.00
2,9.20,10831,19,0.00
8,18.00,10831,35,0.00
8,263.50,10831,38,0.00
9,46.00,10831,43,0.00
3,6.00,10832,13,0.20
10,14.00,10832,25,0.20
16,19.45,10832,44,0.20
3,33.25,10832,64,0.00
20,30.00,10833,7,0.10
9,12.50,10833,31,0.10
9,32.80,10833,53,0.10
8,123.79,10834,29,0.05
20,25.89,10834,30,0.05
15,55.00,10835,59,0.00
2,13.00,10835,77,0.20
52,21.00,10836,22,0.00
6,18.00,10836,35,0.00
24,19.50,10836,57,0.00
60,34.00,10836,60,0.00
30,33.25,10836,64,0.00
6,6.00,10837,13,0.00
25,18.40,10837,40,0.00
40,9.50,10837,47,0.25
21,18.00,10837,76,0.25
4,18.00,10838,1,0.25
25,62.50,10838,18,0.25
50,19.00,10838,36,0.25
30,13.25,10839,58,0.10
15,34.80,10839,72,0.10
6,14.00,10840,25,0.20
10,18.00,10840,39,0.20
16,31.00,10841,10,0.00
30,38.00,10841,56,0.00
50,55.00,10841,59,0.00
15,13.00,10841,77,0.00
15,21.00,10842,11,0.00
5,46.00,10842,43,0.00
20,12.50,10842,68,0.00
12,15.00,10842,70,0.00
4,53.00,10843,51,0.25
35,21.00,10844,22,0.00
70,9.00,10845,23,0.10
25,18.00,10845,35,0.10
42,14.00,10845,42,0.10
60,13.25,10845,58,0.10
48,33.25,10845,64,0.00
21,22.00,10846,4,0.00
30,15.00,10846,70,0.00
20,10.00,10846,74,0.00
80,18.00,10847,1,0.20
12,9.20,10847,19,0.20
60,26.00,10847,37,0.20
36,9.50,10847,45,0.20
45,34.00,10847,60,0.20
55,21.50,10847,71,0.20
30,21.35,10848,5,0.00
3,97.00,10848,9,0.00
49,10.00,10849,3,0.00
18,31.23,10849,26,0.15
20,14.00,10850,25,0.15
4,2.50,10850,33,0.15
30,15.00,10850,70,0.15
5,19.00,10851,2,0.05
10,14.00,10851,25,0.05
10,19.50,10851,57,0.05
42,55.00,10851,59,0.05
15,19.00,10852,2,0.00
6,39.00,10852,17,0.00
50,49.30,10852,62,0.00
10,62.50,10853,18,0.00
100,31.00,10854,10,0.15
65,6.00,10854,13,0.15
50,17.45,10855,16,0.00
14,12.50,10855,31,0.00
24,38.00,10855,56,0.00
15,21.05,10855,65,0.15
20,19.00,10856,2,0.00
20,14.00,10856,42,0.00
30,10.00,10857,3,0.00
35,31.23,10857,26,0.25
10,123.79,10857,29,0.25
5,30.00,10858,7,0.00
10,43.90,10858,27,0.00
4,15.00,10858,70,0.00
40,4.50,10859,24,0.25
35,7.45,10859,54,0.25
30,33.25,10859,64,0.25
3,53.00,10860,51,0.00
20,18.00,10860,76,0.00
42,39.00,10861,17,0.00
20,62.50,10861,18,0.00
40,10.00,10861,21,0.00
35,2.50,10861,33,0.00
3,49.30,10861,62,0.00
25,21.00,10862,11,0.00
8,7.00,10862,52,0.00
20,18.00,10863,1,0.15
12,13.25,10863,58,0.15
4,18.00,10864,35,0.00
15,14.00,10864,67,0.00
60,263.50,10865,38,0.05
80,18.00,10865,39,0.05
21,19.00,10866,2,0.25
6,4.50,10866,24,0.25
40,25.89,10866,30,0.25
3,32.80,10867,53,0.00
20,31.23,10868,26,0.00
30,18.00,10868,35,0.00
42,20.00,10868,49,0.10
40,18.00,10869,1,0.00
10,21.00,10869,11,0.00
50,9.00,10869,23,0.00
20,12.50,10869,68,0.00
3,18.00,10870,35,0.00
2,53.00,10870,51,0.00
50,25.00,10871,6,0.05
12,17.45,10871,16,0.05
16,39.00,10871,17,0.05
10,24.00,10872,55,0.05
20,49.30,10872,62,0.05
15,33.25,10872,64,0.05
21,21.05,10872,65,0.05
20,10.00,10873,21,0.00
3,45.60,10873,28,0.00
10,31.00,10874,10,0.00
25,9.20,10875,19,0.00
21,9.50,10875,47,0.10
15,20.00,10875,49,0.00
21,12.00,10876,46,0.00
20,33.25,10876,64,0.00
30,17.45,10877,16,0.25
25,62.50,10877,18,0.00
20,81.00,10878,20,0.05
12,18.40,10879,40,0.00
10,21.05,10879,65,0.00
10,18.00,10879,76,0.00
30,9.00,10880,23,0.20
30,28.50,10880,61,0.20
50,15.00,10880,70,0.20
10,15.00,10881,73,0.00
25,14.00,10882,42,0.00
20,20.00,10882,49,0.15
32,7.45,10882,54,0.15
8,4.50,10883,24,0.00
40,10.00,10884,21,0.05
21,38.00,10884,56,0.05
12,21.05,10884,65,0.05
20,19.00,10885,2,0.00
12,4.50,10885,24,0.00
30,15.00,10885,70,0.00
25,13.00,10885,77,0.00
70,31.00,10886,10,0.00
35,12.50,10886,31,0.00
40,13.00,10886,77,0.00
5,14.00,10887,25,0.00
20,19.00,10888,2,0.00
18,12.50,10888,68,0.00
40,21.00,10889,11,0.00
40,263.50,10889,38,0.00
15,39.00,10890,17,0.00
10,14.00,10890,34,0.00
14,9.65,10890,41,0.00
15,25.89,10891,30,0.05
40,55.00,10892,59,0.05
30,40.00,10893,8,0.00
10,4.50,10893,24,0.00
24,123.79,10893,29,0.00
35,25.89,10893,30,0.00
20,19.00,10893,36,0.00
28,6.00,10894,13,0.05
50,36.00,10894,69,0.05
120,7.75,10894,75,0.05
110,4.50,10895,24,0.00
45,18.00,10895,39,0.00
91,18.40,10895,40,0.00
100,34.00,10895,60,0.00
15,9.50,10896,45,0.00
16,38.00,10896,56,0.00
80,123.79,10897,29,0.00
36,25.89,10897,30,0.00
5,6.00,10898,13,0.00
8,18.00,10899,39,0.15
3,15.00,10900,70,0.25
30,9.65,10901,41,0.00
30,21.50,10901,71,0.00
30,24.00,10902,55,0.15
6,49.30,10902,62,0.15
40,6.00,10903,13,0.00
21,21.05,10903,65,0.00
20,12.50,10903,68,0.00
15,13.25,10904,58,0.00
35,49.30,10904,62,0.00
20,18.00,10905,1,0.05
15,28.50,10906,61,0.00
14,7.75,10907,75,0.00
20,30.00,10908,7,0.05
14,7.00,10908,52,0.05
12,30.00,10909,7,0.00
15,17.45,10909,16,0.00
5,9.65,10909,41,0.00
12,9.20,10910,19,0.00
10,20.00,10910,49,0.00
5,28.50,10910,61,0.00
10,18.00,10911,1,0.00
12,39.00,10911,17,0.00
15,14.00,10911,67,0.00
40,21.00,10912,11,0.25
60,123.79,10912,29,0.25
30,22.00,10913,4,0.25
40,2.50,10913,33,0.25
15,13.25,10913,58,0.00
25,21.50,10914,71,0.00
10,39.00,10915,17,0.00
30,2.50,10915,33,0.00
10,7.45,10915,54,0.00
6,17.45,10916,16,0.00
6,32.00,10916,32,0.00
20,19.50,10916,57,0.00
1,25.89,10917,30,0.00
10,34.00,10917,60,0.00
60,18.00,10918,1,0.25
25,34.00,10918,60,0.25
24,17.45,10919,16,0.00
24,14.00,10919,25,0.00
20,18.40,10919,40,0.00
24,16.25,10920,50,0.00
10,18.00,10921,35,0.00
40,43.90,10921,63,0.00
15,39.00,10922,17,0.00
35,4.50,10922,24,0.00
10,14.00,10923,42,0.20
10,46.00,10923,43,0.20
24,14.00,10923,67,0.20
20,31.00,10924,10,0.10
30,45.60,10924,28,0.10
6,7.75,10924,75,0.00
25,19.00,10925,36,0.15
12,7.00,10925,52,0.15
2,21.00,10926,11,0.00
10,6.00,10926,13,0.00
7,9.20,10926,19,0.00
10,34.80,10926,72,0.00
5,81.00,10927,20,0.00
5,7.00,10927,52,0.00
20,18.00,10927,76,0.00
5,9.50,10928,47,0.00
5,18.00,10928,76,0.00
60,10.00,10929,21,0.00
49,7.75,10929,75,0.00
15,13.00,10929,77,0.00
36,10.00,10930,21,0.00
25,43.90,10930,27,0.00
25,24.00,10930,55,0.20
30,13.25,10930,58,0.20
42,6.00,10931,13,0.15
30,19.50,10931,57,0.00
30,17.45,10932,16,0.10
14,49.30,10932,62,0.10
16,34.80,10932,72,0.00
20,7.75,10932,75,0.10
2,32.80,10933,53,0.00
30,28.50,10933,61,0.00
20,25.00,10934,6,0.00
21,18.00,10935,1,0.00
4,62.50,10935,18,0.25
8,9.00,10935,23,0.25
30,19.00,10936,36,0.20
8,45.60,10937,28,0.00
20,14.00,10937,34,0.00
20,6.00,10938,13,0.25
24,46.00,10938,43,0.25
49,34.00,10938,60,0.25
35,21.50,10938,71,0.25
10,19.00,10939,2,0.15
40,14.00,10939,67,0.15
8,30.00,10940,7,0.00
20,6.00,10940,13,0.00
44,12.50,10941,31,0.25
30,49.30,10941,62,0.25
80,12.50,10941,68,0.25
50,34.80,10941,72,0.00
28,20.00,10942,49,0.00
15,6.00,10943,13,0.00
21,21.00,10943,22,0.00
15,12.00,10943,46,0.00
5,21.00,10944,11,0.25
18,19.45,10944,44,0.25
18,38.00,10944,56,0.00
20,6.00,10945,13,0.00
10,12.50,10945,31,0.00
25,31.00,10946,10,0.00
25,4.50,10946,24,0.00
40,13.00,10946,77,0.00
4,55.00,10947,59,0.00
9,16.25,10948,50,0.00
40,53.00,10948,51,0.00
4,24.00,10948,55,0.00
12,25.00,10949,6,0.00
30,31.00,10949,10,0.00
6,39.00,10949,17,0.00
60,49.30,10949,62,0.00
5,22.00,10950,4,0.00
15,2.50,10951,33,0.05
6,9.65,10951,41,0.05
50,7.75,10951,75,0.05
16,25.00,10952,6,0.05
2,45.60,10952,28,0.00
50,81.00,10953,20,0.05
50,12.50,10953,31,0.05
28,17.45,10954,16,0.15
25,12.50,10954,31,0.15
30,9.50,10954,45,0.00
24,34.00,10954,60,0.15
12,7.75,10955,75,0.20
12,10.00,10956,21,0.00
14,9.50,10956,47,0.00
8,53.00,10956,51,0.00
30,25.89,10957,30,0.00
40,18.00,10957,35,0.00
8,33.25,10957,64,0.00
20,21.35,10958,5,0.00
6,30.00,10958,7,0.00
5,34.80,10958,72,0.00
20,7.75,10959,75,0.15
10,4.50,10960,24,0.25
24,9.65,10960,41,0.00
6,7.00,10961,52,0.05
60,18.00,10961,76,0.00
45,30.00,10962,7,0.00
77,6.00,10962,13,0.00
20,32.80,10962,53,0.00
9,36.00,10962,69,0.00
44,18.00,10962,76,0.00
2,34.00,10963,60,0.15
6,62.50,10964,18,0.00
5,263.50,10964,38,0.00
10,36.00,10964,69,0.00
16,53.00,10965,51,0.00
8,26.00,10966,37,0.00
12,38.00,10966,56,0.15
12,49.30,10966,62,0.15
12,9.20,10967,19,0.00
40,20.00,10967,49,0.00
30,38.00,10968,12,0.00
30,4.50,10968,24,0.00
4,33.25,10968,64,0.00
9,12.00,10969,46,0.00
40,7.00,10970,52,0.20
14,123.79,10971,29,0.00
6,39.00,10972,17,0.00
7,2.50,10972,33,0.00
5,31.23,10973,26,0.00
6,9.65,10973,41,0.00
10,7.75,10973,75,0.00
10,43.90,10974,63,0.00
16,40.00,10975,8,0.00
10,7.75,10975,75,0.00
20,45.60,10976,28,0.00
30,18.00,10977,39,0.00
30,9.50,10977,47,0.00
10,53.00,10977,51,0.00
20,43.90,10977,63,0.00
20,40.00,10978,8,0.15
40,10.00,10978,21,0.15
10,18.40,10978,40,0.00
6,19.45,10978,44,0.15
18,30.00,10979,7,0.00
20,38.00,10979,12,0.00
80,4.50,10979,24,0.00
30,43.90,10979,27,0.00
24,12.50,10979,31,0.00
35,43.90,10979,63,0.00
40,7.75,10980,75,0.20
60,263.50,10981,38,0.00
20,30.00,10982,7,0.00
9,46.00,10982,43,0.00
84,6.00,10983,13,0.15
15,19.50,10983,57,0.00
55,17.45,10984,16,0.00
20,4.50,10984,24,0.00
40,19.00,10984,36,0.00
36,17.45,10985,16,0.10
8,62.50,10985,18,0.10
35,32.00,10985,32,0.10
30,21.00,10986,11,0.00
15,81.00,10986,20,0.00
10,18.00,10986,76,0.00
15,13.00,10986,77,0.00
60,30.00,10987,7,0.00
6,46.00,10987,43,0.00
20,34.80,10987,72,0.00
60,30.00,10988,7,0.00
40,49.30,10988,62,0.10
40,25.00,10989,6,0.00
15,21.00,10989,11,0.00
4,9.65,10989,41,0.00
65,10.00,10990,21,0.00
60,14.00,10990,34,0.15
65,24.00,10990,55,0.15
66,28.50,10990,61,0.15
50,19.00,10991,2,0.20
20,15.00,10991,70,0.20
90,18.00,10991,76,0.20
2,34.80,10992,72,0.00
50,123.79,10993,29,0.25
35,9.65,10993,41,0.25
18,55.00,10994,59,0.05
20,53.00,10995,51,0.00
4,34.00,10995,60,0.00
40,14.00,10996,42,0.00
50,32.00,10997,32,0.00
20,12.00,10997,46,0.25
20,7.00,10997,52,0.25
12,4.50,10998,24,0.00
7,28.50,10998,61,0.00
20,10.00,10998,74,0.00
30,7.75,10998,75,0.00
20,9.65,10999,41,0.05
15,53.00,10999,51,0.05
21,13.00,10999,77,0.05
25,22.00,11000,4,0.25
30,4.50,11000,24,0.25
30,13.00,11000,77,0.00
60,30.00,11001,7,0.00
25,21.00,11001,22,0.00
25,12.00,11001,46,0.00
6,24.00,11001,55,0.00
56,6.00,11002,13,0.00
15,18.00,11002,35,0.15
24,14.00,11002,42,0.15
40,24.00,11002,55,0.00
4,18.00,11003,1,0.00
10,18.40,11003,40,0.00
10,7.00,11003,52,0.00
6,31.23,11004,26,0.00
6,18.00,11004,76,0.00
2,18.00,11005,1,0.00
10,55.00,11005,59,0.00
8,18.00,11006,1,0.00
2,123.79,11006,29,0.25
30,40.00,11007,8,0.00
10,123.79,11007,29,0.00
14,14.00,11007,42,0.00
70,45.60,11008,28,0.05
90,14.00,11008,34,0.05
21,21.50,11008,71,0.00
12,4.50,11009,24,0.00
18,19.00,11009,36,0.25
9,34.00,11009,60,0.00
20,30.00,11010,7,0.00
10,4.50,11010,24,0.00
40,13.25,11011,58,0.05
20,21.50,11011,71,0.00
50,9.20,11012,19,0.05
36,34.00,11012,60,0.05
60,21.50,11012,71,0.05
10,9.00,11013,23,0.00
4,14.00,11013,42,0.00
20,9.50,11013,45,0.00
2,12.50,11013,68,0.00
28,9.65,11014,41,0.10
15,25.89,11015,30,0.00
18,13.00,11015,77,0.00
15,12.50,11016,31,0.00
16,19.00,11016,36,0.00
25,10.00,11017,3,0.00
110,55.00,11017,59,0.00
30,15.00,11017,70,0.00
20,38.00,11018,12,0.00
10,62.50,11018,18,0.00
5,38.00,11018,56,0.00
3,12.00,11019,46,0.00
2,20.00,11019,49,0.00
24,31.00,11020,10,0.15
11,19.00,11021,2,0.25
15,81.00,11021,20,0.00
63,31.23,11021,26,0.00
44,53.00,11021,51,0.25
35,34.80,11021,72,0.00
35,9.20,11022,19,0.00
30,36.00,11022,69,0.00
4,30.00,11023,7,0.00
30,46.00,11023,43,0.00
12,31.23,11024,26,0.00
30,2.50,11024,33,0.00
21,21.05,11024,65,0.00
50,21.50,11024,71,0.00
10,18.00,11025,1,0.10
20,6.00,11025,13,0.10
8,62.50,11026,18,0.00
10,53.00,11026,51,0.00
30,4.50,11027,24,0.25
21,49.30,11027,62,0.25
35,24.00,11028,55,0.00
24,55.00,11028,59,0.00
20,38.00,11029,56,0.00
12,43.90,11029,63,0.00
100,19.00,11030,2,0.25
70,21.35,11030,5,0.00
60,123.79,11030,29,0.25
100,55.00,11030,59,0.25
45,18.00,11031,1,0.00
80,6.00,11031,13,0.00
21,4.50,11031,24,0.00
20,33.25,11031,64,0.00
16,21.50,11031,71,0.00
35,19.00,11032,36,0.00
25,263.50,11032,38,0.00
30,55.00,11032,59,0.00
70,32.80,11033,53,0.10
36,36.00,11033,69,0.10
15,10.00,11034,21,0.10
12,19.45,11034,44,0.00
6,28.50,11034,61,0.00
10,18.00,11035,1,0.00
60,18.00,11035,35,0.00
30,14.00,11035,42,0.00
10,7.45,11035,54,0.00
7,6.00,11036,13,0.00
30,55.00,11036,59,0.00
4,15.00,11037,70,0.00
5,18.40,11038,40,0.20
2,7.00,11038,52,0.00
30,21.50,11038,71,0.00
20,45.60,11039,28,0.00
24,18.00,11039,35,0.00
60,20.00,11039,49,0.00
28,19.50,11039,57,0.00
20,10.00,11040,21,0.00
30,19.00,11041,2,0.20
30,43.90,11041,63,0.00
15,19.45,11042,44,0.00
4,28.50,11042,61,0.00
10,21.00,11043,11,0.00
12,49.30,11044,62,0.00
15,2.50,11045,33,0.00
24,53.00,11045,51,0.00
20,38.00,11046,12,0.05
15,32.00,11046,32,0.05
18,18.00,11046,35,0.05
25,18.00,11047,1,0.25
30,21.35,11047,5,0.25
42,12.50,11048,68,0.00
10,19.00,11049,2,0.20
4,38.00,11049,12,0.20
50,18.00,11050,76,0.10
10,4.50,11051,24,0.20
30,46.00,11052,43,0.20
10,28.50,11052,61,0.20
35,62.50,11053,18,0.20
20,32.00,11053,32,0.00
25,33.25,11053,64,0.20
10,2.50,11054,33,0.00
20,14.00,11054,67,0.00
15,4.50,11055,24,0.00
15,14.00,11055,25,0.00
20,53.00,11055,51,0.00
20,19.50,11055,57,0.00
40,30.00,11056,7,0.00
35,24.00,11056,55,0.00
50,34.00,11056,60,0.00
3,15.00,11057,70,0.00
3,10.00,11058,21,0.00
21,34.00,11058,60,0.00
4,28.50,11058,61,0.00
30,6.00,11059,13,0.00
12,39.00,11059,17,0.00
35,34.00,11059,60,0.00
4,34.00,11060,60,0.00
10,13.00,11060,77,0.00
15,34.00,11061,60,0.00
10,32.80,11062,53,0.20
12,15.00,11062,70,0.20
30,14.00,11063,34,0.00
40,18.40,11063,40,0.10
30,9.65,11063,41,0.10
77,39.00,11064,17,0.10
12,9.65,11064,41,0.00
25,32.80,11064,53,0.10
4,24.00,11064,55,0.10
55,12.50,11064,68,0.00
4,25.89,11065,30,0.25
20,7.45,11065,54,0.25
3,17.45,11066,16,0.00
42,9.20,11066,19,0.00
35,14.00,11066,34,0.00
9,9.65,11067,41,0.00
8,45.60,11068,28,0.15
36,46.00,11068,43,0.15
28,13.00,11068,77,0.15
20,18.00,11069,39,0.00
40,18.00,11070,1,0.15
20,19.00,11070,2,0.15
30,17.45,11070,16,0.15
20,12.50,11070,31,0.00
15,30.00,11071,7,0.05
10,6.00,11071,13,0.05
8,19.00,11072,2,0.00
40,9.65,11072,41,0.00
22,16.25,11072,50,0.00
130,33.25,11072,64,0.00
10,21.00,11073,11,0.00
20,4.50,11073,24,0.00
14,17.45,11074,16,0.05
10,19.00,11075,2,0.15
30,12.00,11075,46,0.15
2,18.00,11075,76,0.15
20,25.00,11076,6,0.25
20,23.25,11076,14,0.25
10,9.20,11076,19,0.25
24,19.00,11077,2,0.20
4,10.00,11077,3,0.00
1,22.00,11077,4,0.00
1,25.00,11077,6,0.02
1,30.00,11077,7,0.05
2,40.00,11077,8,0.10
1,31.00,11077,10,0.00
2,38.00,11077,12,0.05
4,6.00,11077,13,0.00
1,23.25,11077,14,0.03
2,17.45,11077,16,0.03
1,81.00,11077,20,0.04
2,9.00,11077,23,0.00
1,32.00,11077,32,0.00
2,18.00,11077,39,0.05
3,9.65,11077,41,0.00
3,12.00,11077,46,0.02
2,7.00,11077,52,0.00
2,24.00,11077,55,0.00
2,34.00,11077,60,0.06
2,33.25,11077,64,0.03
1,17.00,11077,66,0.00
2,15.00,11077,73,0.01
4,7.75,11077,75,0.00
2,13.00,11077,77,0.00